b'A2' 0 1 429 369 20.0 17315.080473167123 96.70383439190779 146.1004016064257 25.079964125949637 458.7971484330898 109.87522935779816 121.75180722891567 18.89621774908872 107.09904291866259 105.92048929663609 128.6722891566265 16.906686751884966 166.9897943581555 0.40881210544231805 0.5171639070792975 0.0002636266733859436 0.003135738185822544 
b'A4' 0 3 436 588 20.0 8485.323921993771 102.1976476123265 111.88755020080322 19.268251347006185 32.49980484185739 117.01039755351682 123.19839357429719 18.954349665522127 20.12690504991855 112.78673253352153 119.73333333333333 18.516596498445217 20.5875234270415 0.434670895041997 0.4639840598472321 0.00026709403891697696 0.00033569714234743894 
b'A6' 0 5 444 809 20.0 19249.28464637339 108.61218536814867 197.1847389558233 20.572394447878125 2015.641373526233 123.70891554928252 170.2562248995984 15.21844556590971 754.5198909695004 119.77779346036226 189.19196787148596 14.247730816903832 1516.6772045612167 0.4615236691897177 0.7432359398377825 0.0002175608838225183 0.02374500286043416 
b'A8' 0 7 449 1029 20.0 16439.81909778813 113.92632321806634 149.60080321285142 17.28349198586177 774.553091724327 129.12204187250057 147.09477911646587 11.984258921794094 183.08820567410203 124.48863796753704 152.57831325301206 11.265820092644562 485.62057386171193 0.4806988804110683 0.5943146257185606 0.00017487081677382334 0.007840279759016288 
b'A10' 0 9 449 1242 21.0 19664.520503099597 115.7005820831953 145.59094229364499 15.936045754596405 31.613533735895686 130.7934787752591 149.81154127100072 11.698014356879971 18.326791561664123 125.50773744735223 150.94156318480643 11.67107495752013 20.81470055134004 0.4855090936557293 0.5871493398645068 0.00017342155667013159 0.0003228635765414695 
b'A12' 0 11 447 1514 41.0 9639.557203420936 131.5440468595952 140.25565912117176 1076.309766073777 497.74745941433235 147.9832975700284 155.02301692980788 844.586741848876 281.8520477366356 141.88743258133735 150.61023397374927 960.4940269466088 363.6717461312939 0.5495253920829481 0.5832472488968956 0.014973050071378877 0.00587335295594216 
b'B1' 1 0 521 211 39.0 9482.869514996151 99.14023118127996 102.66149003147954 104.13297124624508 56.00566283751868 112.19971807160981 115.31647429171039 56.78018599325391 40.12859533433384 109.45486326473076 113.0912906610703 69.04074530834039 39.3983816500387 0.4214153254061703 0.43543291673353496 0.0011343240114097051 0.00063656946463266 
b'B3' 1 2 543 476 20.0 9021.073421513604 99.46963067513526 108.7140562248996 17.642914448402724 26.62827631812391 112.67979298988473 118.15502008032128 19.477989700736554 24.958298091966263 109.05575158786168 116.91084337349398 18.4484090505003 26.167954710407898 0.4207058599176203 0.45199502449011736 0.00026028827342190964 0.0003847184226736965 
b'B5' 1 4 552 695 26.0 21906.678364825017 106.07905448482174 237.3371266002845 54.279170426681745 363.14428780805963 120.0767005051248 181.91417733522997 27.970871483006462 50.66546519567408 116.66823598646462 217.48790896159318 35.77296927313192 172.13890074846879 0.44966190278102314 0.8593764770962913 0.0005685423263287613 0.002855277091316808 
b'B7' 1 6 555 912 20.0 8326.092781949166 109.57068924958833 116.95903614457832 15.293791550340794 22.88105288624377 125.10985650435191 130.18232931726908 11.787178784396062 17.524185738939693 120.73502705245825 126.56546184738956 12.505747935047978 17.010373381074498 0.46540404106992117 0.48935244129459016 0.0001845143203904642 0.0002646545417412269 
b'B9' 1 8 558 1135 20.0 8683.738885157232 114.62898141613738 121.9004016064257 12.065026932376353 17.326626344736372 129.86544342507645 134.77670682730923 9.829177520381965 14.1654012032064 125.16212655845683 130.29236947791165 9.488464449755718 13.975564265092498 0.48338408769332253 0.5052250863847546 0.00013840612044941717 0.00021180343395634313 
b'B11' 1 10 563 1356 20.0 15283.962145739995 113.99463655610445 131.40642570281125 20.88748005492335 44.05329204367671 130.58000470477535 143.7285140562249 14.873945048201811 28.218664860244186 124.82470007057162 140.4441767068273 14.362212771721941 35.636441992871084 0.4821108589720527 0.5441586483975116 0.00022387006769101524 0.0005382078525529354 
b'C2' 2 1 650 363 20.0 15453.826741140136 94.42865208186309 119.87389558232931 22.732324200524364 163.7824912501411 107.2854387203011 118.45381526104417 20.342283852455104 81.793248495992 104.8041872500588 124.02650602409639 17.037921775334972 131.81214883630906 0.40305209512871243 0.48134229529884237 0.00026089014257745007 0.0020298169879353917 
b'C4' 2 3 653 582 20.0 7397.082922743948 101.1632557045401 108.98232931726908 20.756598574699876 35.00852308833728 114.00461067984004 119.37349397590361 20.86415187736418 23.040421928678573 110.54081392613503 116.69236947791164 18.089877389747258 24.780062257060372 0.4266581276470127 0.45195017654933456 0.0002691283151860304 0.00039208717286368577 
b'C6' 2 5 663 806 20.0 14159.761367241203 106.52754645965655 126.00160642570282 17.01188527630539 219.53734681698683 121.51437308868502 126.84417670682731 15.421188380212032 56.54600022580281 117.74777699364856 134.61285140562248 13.72810315045636 171.56577861647395 0.4534707826808916 0.5185209427513977 0.00020645477649406982 0.002571156467428471 
b'C8' 2 7 666 1023 20.0 18886.418782207813 110.72735826864267 146.33253012048192 20.661540398343185 91.93279721294817 126.81232651140908 148.8425702811245 14.490255020183994 61.44991467879551 122.23768525052928 149.79759036144577 14.339271423868551 82.39115885227658 0.4710649898109326 0.584283953382156 0.0002237195006025865 0.0012576686527618276 
b'C10' 2 9 671 1243 20.0 15180.455940385138 115.28106327922842 132.74939759036144 13.303642812039024 71.01029080176126 131.02140672782875 138.80722891566265 10.239814628973791 39.28332123675425 126.28242766407904 139.81686746987953 9.450745082688004 62.50782793825906 0.4873973259717436 0.5421264124734231 0.00014350406004352498 0.0009365139695258277 
b'C12' 2 11 640 1514 34.0 8281.03391464162 138.65134748768995 142.28840298920565 1355.4823488752284 302.7726222212145 152.62926880923388 158.7730417935234 731.0883750835102 199.32629235280632 148.45692804574574 153.51895931358982 1006.7465828858589 237.7464575939715 0.5751924233184564 0.5941619036920054 0.01615821450706231 0.0037923437190199236 
b'D1' 3 0 759 240 20.0 15706.156889411754 100.37562926370266 166.77831325301204 77.46379562261104 2652.850453379784 111.50138790872735 146.08915662650602 49.55651418756492 851.4627338268738 109.17045401082099 163.00722891566264 58.0844716593176 1961.8063734455895 0.4214494670043034 0.6376031032364753 0.0009237925298378738 0.030670936552360764 
b'D3' 3 2 742 488 49.0 4875.28934063574 97.0187595967688 99.8712937109427 21.77540079800441 16.80672946578813 109.47012484144469 111.28998803350618 19.921048191905093 17.37329292632935 106.2542893384071 107.58462970349687 17.626304286668493 14.922002817939665 0.4098964745414822 0.41652040055165795 0.0002656448657699914 0.00022118731039198771 
b'D5' 3 4 770 693 20.0 7067.166547955932 103.29169607151259 110.59598393574298 17.17447585775686 25.023116401348368 116.14937661726653 121.90120481927711 18.879827298996883 20.88100256447477 112.38329804751822 117.80321285140562 17.654117657345047 21.66649570168223 0.43420732114704264 0.4571260467753366 0.00024599769819933897 0.00033365831969046705 
b'D7' 3 6 774 912 20.0 6458.293439943253 107.12533521524347 114.73734939759036 16.7462764990163 18.956717472298834 122.40324629498942 125.98714859437752 13.99232067775327 14.777344881534171 118.38320395201129 122.46506024096385 13.763434665296074 14.067253108820827 0.45600294862108565 0.4748112323805024 0.00020533780780250085 0.00021631539038781126 
b'D9' 3 8 780 1132 20.0 12955.197947857821 115.08873206304399 127.86827309236948 14.199889500310467 36.957748423412525 129.10773935544577 139.17108433734938 11.691144524866111 35.15868195674263 124.25749235474007 134.3293172690763 11.233297781345923 32.66745375074596 0.4810150337313942 0.5227664187731318 0.00016468786942566685 0.0005087146374404058 
b'D11' 3 10 762 1351 49.5 8069.890632818343 114.0608313619466 118.57923426346528 22.784403634623054 14.762865344861053 130.93930381885772 133.02907203114862 10.94623148559204 12.338934181054212 124.4613720851639 126.95340687865023 12.546851919342425 13.256102929193437 0.4812482982724689 0.49259588492321005 0.00020040624010970816 0.00018872884080742448 
b'E2' 4 1 882 374 43.0 7183.574966968049 92.04953634460065 95.41244598098531 21.28261943802995 22.201193412164056 104.38773556685612 106.8713915298185 18.62064527617143 22.64102252345462 102.31743942566557 105.12878133102852 17.057592964847053 20.45169540335069 0.39327364067732984 0.4046654990763807 0.0002584022278749889 0.0003028808884404751 
b'E4' 4 3 878 574 20.0 14309.958196496276 99.79430722183015 119.73413654618474 17.855314569458546 122.13252947533103 110.88939073159257 124.10923694779116 19.377226892965147 73.48204319285172 108.04573041637262 123.04819277108433 15.952084217138829 85.73261721585136 0.4176365917500381 0.48008022395464206 0.0002359957966905843 0.0013938868194300256 
b'E6' 4 5 856 830 49.5 6961.851331943311 103.4369719499831 105.17287475665152 17.957957170892815 20.746493293204434 117.11064548834065 119.774951330305 18.19181300003963 16.10795140905242 112.83102399459277 115.86826735885788 17.163741803750046 16.23793528478141 0.43585626919534287 0.44657713076560923 0.0002460163322390137 0.00024514256204789104 
b'E8' 4 7 861 1058 49.5 6123.1112642223 110.05150388644813 113.86048020765736 22.61228482855873 15.960676991983345 123.7134842852315 125.84931862426996 15.712771874626316 13.209611800490253 119.31361946603582 121.18883841661258 16.58768541247677 13.294515263313263 0.461422157485637 0.47046110949090864 0.00025241970975814135 0.0002021687700215584 
b'E10' 4 9 894 1242 20.0 9941.956252177535 116.44370736297341 124.60481927710843 13.132740336852398 17.01009725649586 129.89908256880733 135.86345381526104 10.917173940724146 15.563684456702315 125.01082098329805 131.5991967871486 10.456904783525825 15.385541523523813 0.48448138431095805 0.5114523313646744 0.00015203259509856905 0.00023686685053385143 
b'E12' 4 11 905 1514 37.0 12372.034737671775 154.86009111367255 195.51366503153469 3442.811810321574 3504.780997569646 164.72391459465393 198.44896052324222 2075.2734667331415 2407.261176798488 161.86316482792688 199.3242233123102 2689.0268329719534 2873.6014898487533 0.6297304773405055 0.7782406793355043 0.04281141527296775 0.0454345947031032 
b'F1' 5 0 982 245 20.0 17772.070150978678 99.58903787344154 178.15180722891566 131.72464106443243 801.7464324768956 108.20780992707599 128.6570281124498 78.3910187509812 210.06309317591652 107.27250058809692 168.2313253012048 87.50918262026546 574.2693801712875 0.4145380414296982 0.65680831719033 0.0014382249262371671 0.008871699497751122 
b'F3' 5 2 970 488 49.5 5863.523792178107 94.74356201419398 96.18131083711876 21.751069569574316 18.36050730182285 104.5504562352146 106.25048669695003 19.445967179480387 18.04575738804496 102.08550185873607 104.65892277741726 17.334426505488267 15.505470351596697 0.3949139719698626 0.4038124784262829 0.00026228028443810755 0.00023452615695711935 
b'F5' 5 4 992 694 20.0 7611.400563187713 99.09889437779346 105.62570281124498 18.813743778775727 31.08881727714069 110.54561279698895 114.91726907630522 20.719902535559598 25.772272060128063 107.72350035285815 114.28433734939759 16.582075350446832 26.45087917936807 0.41605586623677937 0.44113730151980474 0.0002455200253347204 0.00040715273602712687 
b'F7' 5 6 970 944 37.5 6304.962885834167 104.51164334310526 106.69486541506447 22.744692686336432 20.906892885076218 117.00453564909563 118.69373444921963 20.30408916847028 18.67390102787681 113.06294595940041 114.93621352635151 18.900733862392958 16.887132371506702 0.43737248145123414 0.4449248796519286 0.00027969115143881466 0.0002464269250705411 
b'F9' 5 8 999 1127 25.5 21631.132096188623 114.72871325866875 251.46858256210425 65.2779465176229 180.07171143461068 124.46114344402602 103.05698977106672 23.240029269148472 172.7356708216197 120.84990463148628 162.81831466147102 17.336839502813685 50.41755059363308 0.46984126189469283 0.6954811963363036 0.0002957365099295025 0.000846163347691012 
b'F11' 5 10 1005 1351 20.0 18698.67061143678 115.35619854151965 138.14698795180723 31.848893005982355 124.94144675085886 131.0602211244413 148.7020080321285 19.577272028262296 77.9569839196142 124.92110091743119 144.03534136546185 21.037529345496687 85.63087950194351 0.4836517244293154 0.5612569918891251 0.00033217571431282036 0.0014080758468304876 
b'G2' 6 1 1096 361 20.0 17346.807756355305 88.24478946130323 122.65381526104417 24.499711147157814 237.14682279318075 100.57675840978594 118.87871485943775 19.256481705689687 169.97324172190773 96.89710656316161 125.29718875502007 20.15459760308795 201.15987161497392 0.3738187924594443 0.48734392125364195 0.0003020526337642034 0.0031512099871797224 
b'G4' 6 3 1101 573 23.5 20853.786855334525 97.7566356760923 249.10396323951753 89.53237263045514 294.7387608579249 103.84512741461535 86.87421022400919 33.50224406946329 399.6653946232384 102.31909051495737 136.90407811602526 32.01832190514583 59.627214845132805 0.39788076910652503 0.6162329420774627 0.0005302764534397863 0.0008962774752696404 
b'G6' 6 5 1111 798 32.5 20037.55504740907 99.21915880544118 148.73498339873225 27.569053902283834 200.07646103956745 107.47860530567571 110.28523996377905 27.71772384833376 177.0665403665043 106.85578777297128 143.58134621189254 23.49382210704183 173.25636196676575 0.4128545461234475 0.5579444896219883 0.0003456674672279081 0.0026813573452648225 
b'G8' 6 7 1115 1014 20.0 7716.726921022943 105.12524111973653 112.81044176706827 23.407038726853038 32.32230060805471 118.4353328628558 123.4859437751004 18.452169608091992 20.200003225754422 114.12928722653493 120.9718875502008 18.37763908263853 25.670695633941392 0.4412799738008588 0.46830919127490356 0.0002801081592464774 0.00039514051753618734 
b'G10' 6 9 1115 1237 20.0 6757.04891038647 112.68059280169372 119.1991967871486 18.0595880748388 17.04305156368446 126.52119501293814 130.03373493975903 13.318287539245885 13.663118981951909 121.45179957657022 125.63534136546184 13.028763522286338 15.669433718810986 0.47040557469753363 0.48856778360500824 0.00019881093895997065 0.00023624144630913404 
b'G12' 6 11 1084 1514 42.0 10983.781678986736 157.53978443960187 199.8375294330737 3025.3653263214 2435.074671961867 165.0932917132929 196.12624524542656 1929.9053080821097 1807.5317889990831 162.5882560810413 199.05089657670712 2459.107868441167 2112.041785557317 0.6341022310836109 0.7804203478341165 0.03882067206074823 0.03284139470186747 
b'H1' 7 0 1203 242 21.5 19818.914859247383 93.23528014066436 182.02264927934112 135.95143886440007 239.68994685915015 103.9622677374899 149.60466712422786 68.29235568044322 64.6082966805458 102.33431544931807 178.4248455730954 94.44571072632455 152.59026807841727 0.3941888070831621 0.6945546823314089 0.0015199832744823849 0.002420504413416941 
b'H3' 7 2 1198 488 49.5 6869.343061118678 89.10192632646164 91.61661258922777 22.556829678925034 22.85340345082139 100.67191618790132 103.05438027255029 19.719599944310442 18.83844447317345 96.93869550523826 99.61648280337444 18.406718271257258 18.867450575466766 0.37467665594497346 0.3849583638839053 0.0002788957833192935 0.0002774818133897347 
b'H5' 7 4 1210 686 23.0 20704.482172227443 96.39384202196537 248.01273499090357 73.21700490698865 359.979825691444 103.56400172653589 77.35657974530018 30.322350951797898 285.06387574879534 101.68907966044794 125.26500909642208 24.259330652663373 86.17052214970501 0.3948981315420993 0.5799792278148372 0.00037468799326994894 0.0010067877211649874 
b'H7' 7 6 1212 908 20.0 17354.063447442353 98.82531169136674 146.4144578313253 20.19658350082544 786.9189877582619 110.55417548812044 115.48192771084338 22.97479966715734 212.9436492959791 107.87480592801694 145.37991967871486 17.41820082683854 622.7865847325044 0.4162547880314205 0.5625259365304355 0.00025797147383133253 0.009359390916446438 
b'H9' 7 8 1218 1123 20.0 14012.829287597364 106.57200658668549 121.4867469879518 28.102542644981316 191.66508540184836 119.58645024700071 121.83855421686746 20.929988128493818 36.1562645763778 115.17355916254999 127.42730923694779 24.754963079245023 126.5178084224448 0.44574077916614774 0.49318427655720926 0.00036132364650082286 0.0019639108477364532 
b'H11' 7 10 1222 1351 20.0 10815.547535075824 113.97035991531405 120.8 20.506578534304772 48.513413654618475 128.2287932251235 131.91646586345382 16.08338642889788 34.579367429557585 123.08242766407903 126.6433734939759 15.445758020820202 44.72422315769101 0.47653790676242264 0.4932621434758642 0.0002356342827615151 0.0006779005411983089 
