b'A2' 0 1 448 351 20.0 8397.004741415016 96.55885855060562 104.37028112449799 27.120606703662773 24.80666698924211 111.84311229726956 118.49799196787149 22.610450917177864 22.98895179110015 106.21868199548348 113.42329317269076 20.37738861392137 23.026445379913227 0.41008427818904203 0.43868789762973465 0.0003127157406678972 0.0003389121622287332 
b'A4' 0 3 409 603 40.0 8607.800641988859 101.86491475202799 104.79054458408139 30.051456158031275 27.907454979709843 118.00097148686064 121.14881308597646 21.420604292527464 21.133250635918927 113.0159323845145 115.50628366247756 24.154989759453986 20.64413566020985 0.43531671551721673 0.44563143325393195 0.000368016480099359 0.0003234860346042811 
b'A6' 0 5 452 787 23.5 24680.79572215025 112.9202397418165 231.37449741527857 41.598776823365476 365.85630539071707 128.88193134666164 185.07007466973005 29.865727842891395 77.2966403735169 122.92447294521983 216.16829408385985 31.167605526102765 214.15375636612814 0.4754043378048651 0.8515977673412846 0.00048095890110336345 0.003416460440665596 
b'A8' 0 7 425 1027 49.5 10827.349995940858 118.0241408214585 122.53030499675535 26.69290702235988 26.559010224952324 136.23084660519697 141.02959117456197 24.813041222348776 21.225341104763125 128.9316568873987 133.79390006489294 23.635060987610427 22.5706311879364 0.49858855412564584 0.5173414880075327 0.0003554565582723548 0.00033790381263442326 
b'A10' 0 9 445 1225 23.5 22409.26953537149 125.3111614065971 167.38081562320505 27.603249830982993 89.08932753694143 142.2926778154994 168.65077541642734 21.31402115823663 46.20544023732787 135.00540676474287 168.88684663986214 20.687719624768356 65.97168798854271 0.5234148700741037 0.6609795855435799 0.0003167790738184057 0.001038847012739842 
b'A12' 0 11 446 1446 20.0 6319.7936537350315 125.28363785670294 131.20321285140562 22.92041181219036 20.608503733810743 146.96099363580373 152.83453815261043 33.93048425185849 18.718003903162856 137.10108807226442 142.57429718875503 23.158986703596177 18.78263253818487 0.5305912905591716 0.5525400201590676 0.0003463381528906673 0.0002869311723789532 
b'B1' 1 0 547 226 42.5 10769.430133970589 96.12550830865003 100.09663791585989 83.57589383143605 50.8259013878178 109.69054671419248 113.08414011617673 53.19707464964519 32.13761327661812 105.2188362869622 108.19820454145398 58.88634432577599 40.295515170977446 0.40630946828774184 0.41893685328804997 0.000954421092322138 0.0006266251992068561 
b'B3' 1 2 563 459 20.0 11929.137099243131 97.96629028946828 110.40401606425702 19.896174269252864 31.101831260786113 112.24471361116814 119.34618473895583 19.933381518268853 29.400638054224935 107.0517758160542 117.04979919678715 17.949320907245152 33.61679714843308 0.4137079253203232 0.454129959524372 0.00026281457478987346 0.00046317935708212155 
b'B5' 1 4 558 680 20.0 22444.413750925924 103.71192773557792 161.4417670682731 26.366942516641952 428.8184964758633 120.16452473824677 161.03935742971888 21.873034258831662 252.67395300075802 115.1580784233217 165.60321285140563 21.778090661885095 322.07709811132077 0.4434773967901264 0.6446660848885739 0.000329562423596096 0.0051424379476377995 
b'B7' 1 6 523 921 49.0 7903.019515991731 109.96117041871786 112.89097194522004 21.11724883201172 20.92415862186949 128.79124951601307 131.9343172450472 20.5932947438151 18.866846525602085 121.66895292881243 124.42946416699907 17.352822793237593 18.00542889783181 0.4693904577621746 0.4804652332423463 0.00026556704546883706 0.00026629976535826576 
b'B9' 1 8 530 1133 47.0 9208.865044463852 118.96970507948403 122.65505276854128 20.475879306052985 20.88636054730945 137.2374351014291 140.2596501373428 19.313425996363566 18.337092432171804 129.94984745490552 133.2889981205725 18.464915006436147 18.92920236474997 0.5025176559585993 0.5158112499751961 0.00027543514911394654 0.0002775918826990953 
b'B11' 1 10 557 1337 20.0 16136.383570944334 126.34752617532334 144.16626506024096 18.595136048124132 52.70247641167079 143.70141654691028 156.5558232931727 19.435298752992473 39.15772713343333 136.2795729829604 150.45461847389558 13.92196212519083 46.24151481427719 0.5282514821854835 0.5865029029057406 0.0002143985575017959 0.000702776445464675 
b'C2' 2 1 673 347 20.0 19430.848685073433 92.73114350236091 125.21124497991968 25.002895818249193 227.22846792793663 105.21523301170191 120.63132530120482 22.712369063956423 108.19580587409881 101.29106959556559 129.63373493975902 19.385161471444693 181.64576958436155 0.391196146992404 0.5021367925033468 0.0002971439318981612 0.0028027177217011144 
b'C4' 2 3 670 569 20.0 7503.712698523941 98.94153151303634 105.36787148594378 20.602124445681124 23.973907517620685 113.11036748101006 117.99598393574297 18.80555665001211 20.759020015806197 108.08569082323959 114.00481927710844 18.141004444750525 20.591141433202687 0.41766602414449666 0.44100874840538623 0.00026575356256329914 0.0003165105671072523 
b'C6' 2 5 637 815 49.0 7888.69469722413 105.36296255323856 107.13136550990559 18.780587406695535 16.46938051804458 121.34797278610543 124.09293976864778 20.678240124045068 16.719057984538647 115.6322805464904 118.46722510304481 16.480192547876992 15.554869164725508 0.44651824268000245 0.456721446928991 0.0002448512207124048 0.0002266037484112011 
b'C8' 2 7 641 1027 49.0 10496.857726794557 109.7874882460313 114.41483845233347 28.222773927830758 23.44391756797229 128.58797499861717 133.66294375747907 24.507540558919157 20.282218112645843 121.44117484374135 125.58649115809068 24.176292352802644 21.104106834418562 0.4685492185603707 0.4854699105511105 0.00036740766835407265 0.00031835767801781693 
b'C10' 2 9 664 1228 20.0 13040.279495147266 122.16054198316567 136.10682730923693 22.071208410832366 52.60947146013774 139.43375076986246 147.34056224899598 19.665196340265783 30.66634667182787 132.93533155409565 144.72048192771084 18.09932856488198 38.36363671553684 0.5141734305714896 0.5610940710292148 0.0002746259983960347 0.000605237496730779 
b'C12' 2 11 667 1448 20.0 19959.263457666344 126.47345514268117 169.0433734939759 29.218459813169506 339.5675966516669 147.1936358037364 176.89558232931728 38.744356951327404 182.3039563878002 138.18723054814205 173.61847389558233 30.66262486965601 234.96528120514185 0.5346957454643528 0.6779707630522089 0.00044793651970718724 0.003835673189873107 
b'D1' 3 0 782 240 22.0 24106.816654656155 95.32407522730104 221.8314606741573 94.37988411905545 289.68540811097824 105.55179142275917 163.29940515532056 53.58330801677702 45.045188013641635 102.93826545439448 201.5380039656312 67.08918506790737 128.07142417182828 0.3980732755037499 0.7964445511449789 0.0010619662881584196 0.0021642346548338526 
b'D3' 3 2 751 497 49.5 6313.988407960325 94.10092204526404 95.70032446463335 24.585288336756253 21.326807162730486 105.92282760547639 108.77300454250486 22.319442577432966 16.135494476942377 101.4968426934898 103.8735885788449 21.73196823761845 16.001411456949377 0.39311499242312176 0.40192163861001895 0.0003275813570043785 0.00024062395385279385 
b'D5' 3 4 779 681 20.0 10587.390788292223 101.28281667008828 109.86104417670683 17.96517999492638 21.08510894985565 114.43617327037569 121.56224899598394 17.830405721568425 20.766606990209834 109.48010675425991 118.10120481927711 16.958452544546866 18.471685295398462 0.42390398042033484 0.4572537724230254 0.0002477009754459646 0.00028267131592417085 
b'D7' 3 6 758 921 49.5 7591.026870514513 105.54076557697681 108.2646333549643 19.69533453543422 18.87883356122359 121.24129645152277 123.99545749513302 17.09830019124474 17.045923557732596 115.89751327186364 118.55275794938352 16.13724723892696 17.7605196487444 0.4473803574664848 0.4578782357267372 0.0002407600409330816 0.00025520360110162265 
b'D9' 3 8 777 1121 20.0 11887.15116191229 116.02541572572368 128.9582329317269 21.931975679153233 35.19343623489944 132.96641346746048 142.11807228915663 22.543236551688878 25.941882227706003 126.78961198932457 137.36706827309237 20.74448662834322 27.273293011403037 0.48999046145052155 0.5330303456965115 0.0003055344046549965 0.00043434239265130047 
b'D11' 3 10 797 1345 40.0 7355.620451147059 124.57244863263224 126.93018152802713 19.60473565183995 22.9155323229223 140.7843784912809 143.88430081787354 21.82959421590304 19.604806398237912 133.54437266235973 136.06463195691202 16.89222400412563 17.681041142222323 0.5182738950051289 0.5281857230025464 0.0002537282358889046 0.0002746446190755338 
b'E2' 4 1 893 349 20.0 6998.748120689974 88.6962020119072 96.41927710843373 26.22456163769663 21.743885421202883 99.68080476288236 103.02570281124498 23.577687383561802 22.193716875534264 95.78250872510777 101.66746987951807 21.24249430165863 21.6934397832293 0.37081464977598516 0.39470650003937313 0.00032748314208826677 0.00031649189812830444 
b'E4' 4 3 891 569 20.0 16879.64396662122 97.01568466433997 117.9855421686747 20.265572098469395 155.1307146658925 108.48610141654692 126.1285140562249 21.366538506651658 110.37545200883856 103.95389037158694 124.05943775100401 19.373566778373725 132.87518201319335 0.4031619375495631 0.48203104055437435 0.00028827666859271105 0.002054630095365569 
b'E6' 4 5 865 815 49.5 9215.055800538836 99.50092204526403 102.62401038286826 20.966512142288522 16.591532521631326 113.25973735680358 117.05606748864373 20.11772789972489 16.808018020104594 108.3314333612741 111.86995457495134 19.436449775595605 17.48548922571074 0.41886384480274375 0.4324670987263173 0.0002848148607493672 0.000242726509279713 
b'E8' 4 7 866 1027 49.5 11619.011900901716 108.14523609946913 113.22128487994809 22.01629121975299 33.258106330913506 122.54892428052528 127.58585334198573 22.45447984310702 24.538021805876244 116.92008941044985 122.0939649578196 20.51621837702952 28.526147874177624 0.45278930225881914 0.4729587670343933 0.00030501278583952655 0.00042947459657979257 
b'E10' 4 9 890 1234 20.0 14366.417736505378 118.5547115582016 133.66345381526105 21.69615466428645 42.44015032015612 134.24146992404025 146.7542168674699 23.807222967633724 35.40625731843034 127.7449804968179 142.1871485943775 20.93521140898116 41.82280672892373 0.4951390009218223 0.5517848983384519 0.00030763476976552166 0.0006224846214021661 
b'E12' 4 11 887 1446 20.0 11849.684727553096 126.21100390063641 142.8722891566265 40.96163625352616 111.28409154691053 145.08725107780742 158.62730923694778 57.721026132607655 63.85788874372994 136.4951755286389 152.56064257028112 41.42739409257298 96.93226625377011 0.5291344223716997 0.5919187221041027 0.0006278369083092761 0.0014711001454228102 
b'F1' 5 0 1004 240 20.0 20912.12979957462 90.59117224389243 160.10361445783133 117.1877767206913 196.84629215657813 98.79260932046807 136.06907630522088 59.42243767923155 97.09563007048274 96.29932252104291 157.30843373493977 78.90896895182087 149.75065176368122 0.37359257476622354 0.6132198116387118 0.001274120335418582 0.0023127503215413002 
b'F3' 5 2 979 497 49.0 7512.4786519200625 91.0606781348526 93.53211009174312 29.503978985898925 16.96642672687728 101.24127440677029 104.15011301688605 27.123378562844625 16.008711927128797 97.11206372033851 100.10344369099853 23.837212174489416 14.012966468342395 0.37695631519182154 0.3882305888609931 0.0003680131940122352 0.0002128167163698044 
b'F5' 5 4 1004 683 20.0 16561.361319823274 94.65768835967974 116.9710843373494 20.53102639518169 141.00478637441333 107.48585506056251 120.01927710843374 18.900508194143452 80.80123481879323 102.52818723054814 120.31807228915663 17.782196652277918 112.59923162529638 0.39691432969032414 0.4689619381053627 0.0002609739240491188 0.0017561655666643917 
b'F7' 5 6 979 921 49.0 11695.20873383886 99.75214337076166 106.69033373221646 22.179896810906747 41.556945520852565 113.39471209690801 117.69804547267651 23.033869930663446 24.743154004580283 107.93113557165772 112.40725967291584 21.703814579717566 27.989039173229465 0.417988327829168 0.43754462183011755 0.0003169372097973729 0.0004369612762066954 
b'F9' 5 8 979 1133 48.0 13423.205975469322 108.82616497199717 115.98044111527257 25.242740982843504 41.065091163442005 123.8224675112827 129.95963379109446 23.313542299186444 32.554480986712235 118.25545103583275 124.20030517408794 20.694246698583967 34.50447486872201 0.45746317503979467 0.4818385555093171 0.0003183627733896741 0.0005316857282309205 
b'F11' 5 10 997 1344 20.0 24192.106588428258 120.70371586943133 237.11244979919678 39.659947185950166 653.7720939984839 135.30047218230342 176.7991967871486 29.360260503794027 158.52032063998968 128.67279819338944 226.43132530120482 30.048184307251923 510.3320307736971 0.499832248996663 0.8828336776124104 0.00046408464611533433 0.007637441222428254 
b'G2' 6 1 1093 391 49.5 10294.357270841267 80.74920368818105 84.70214146658014 27.538442366725707 22.07416154001317 91.09376920927633 95.57430240103828 28.683467743326876 19.629034636652246 86.8 91.31667748215445 24.95072366582844 18.208605703250246 0.33656386879893063 0.3537963268058683 0.00037257973358645634 0.0002765895702527274 
b'G4' 6 3 1114 572 20.0 11403.344185030372 90.75643605009239 104.7277108433735 32.97471478748298 39.43348913727198 100.75048244713611 105.88674698795181 26.613700752668702 26.67713359461944 95.98045575857114 107.87710843373495 25.608651075388213 41.96160449025016 0.3733892960579017 0.4198602211197732 0.00039341047897036734 0.0006039159493236827 
b'G6' 6 5 1093 815 49.5 9571.215760857955 92.20972338642079 95.60908500973395 19.870908529240726 21.974894750073805 104.77267393126571 108.85256327060351 19.221192375098575 19.451591417963087 99.9257334450964 103.69772874756652 19.605604903522384 18.846334880348138 0.38680606163404174 0.40137472753877673 0.0002856946229486945 0.00028401241711156896 
b'G8' 6 7 1093 1027 49.5 12361.807939830996 99.63744062587315 103.94016872160934 22.141699624513272 31.24145590923581 113.53037161218218 118.9196625567813 23.263439118680022 23.98796510352338 108.19033249511037 113.88968202465931 23.219543309396716 24.41456583010518 0.4186582736989739 0.439757145271087 0.0003362095733949267 0.0003775105415827602 
b'G10' 6 9 1093 1239 47.0 12508.950023724328 110.48867954825242 116.72444701460171 27.64525802732192 25.26135550236097 125.06321254616496 130.82318924389185 23.0387168004592 24.586491317808257 119.07450623561526 123.70015902848056 19.66430912166266 21.873952555308463 0.46149726976290706 0.4812995713884802 0.000314664082130979 0.00033438763951764024 
b'G12' 6 11 1106 1449 20.5 9957.783769605085 133.48025692757443 147.974866717441 1081.2500631282899 91.82952825717864 146.10622967019393 157.05788271134807 602.9371238708321 51.96770823605297 140.3603985671347 150.4051789794364 859.682399281174 60.34306533354139 0.5463240897696421 0.5896799904424832 0.01347409746756791 0.0009806819503620785 
b'H1' 7 0 1226 241 21.5 23263.600204724422 83.6531085614878 194.41043239533286 118.25314932702896 391.8809618583329 90.34660149939941 149.25737817433082 70.93342329673303 98.7456988226671 88.11282773474713 182.4070006863418 89.98495038936953 265.2200745319144 0.3424556568582783 0.7159515378093586 0.0014245758074922458 0.004146752175835359 
b'H3' 7 2 1207 497 49.5 10133.479825985618 82.48862810841017 87.13069435431538 27.652944164295135 21.39382099743082 91.65956971221011 95.19558728098637 27.547029823234652 19.567585978916746 87.10623079072367 91.2809863724854 24.594638461404543 16.87198760591422 0.3390324939489067 0.3556129099769693 0.00036893623949628906 0.00025629062198201537 
b'H5' 7 4 1227 688 20.0 11515.13212380253 87.66988298090742 102.10763052208836 31.894964449455788 48.42375703617684 99.14116197905975 107.91244979919679 26.050284751221213 38.67104982177706 94.14378977622665 106.05542168674698 26.55908225020137 42.08929791454976 0.3652093926197865 0.4131388540829986 0.0004076986335331154 0.0006407659327974804 
b'H7' 7 6 1221 904 20.0 20408.638298608923 93.97458427427632 137.4570281124498 22.030764428896614 440.37024177029394 105.81465818107165 120.61606425702811 22.19484159430743 201.64697085530878 100.8101005953603 138.3839357429719 20.65451509971429 375.3610270802084 0.39105247834925383 0.5368858993621546 0.00030243723414434645 0.00568623648656203 
b'H9' 7 8 1266 1126 20.0 10810.414502014919 102.90334633545473 118.21204819277108 65.36532446206778 1264.5767223109303 116.33808252925478 126.03293172690763 45.57463471378018 593.856746826664 110.80135495791419 122.69959839357429 54.77408972639658 884.0430922081904 0.429498926209942 0.4783777541538704 0.0008429209993748234 0.014299308563530823 
b'H11' 7 10 1218 1340 20.0 15333.825836669126 113.92896735783206 136.04016064257027 31.22139657273864 105.68834696214577 127.90441387805379 147.0578313253012 33.23151203071686 80.84324188319543 121.44294805994662 140.59036144578315 29.83377032762455 87.7149271785939 0.4718121523381679 0.5493715621702496 0.00045251223031494037 0.0013762282234194034 
