b'A2' 0 1 463 323 62.5 7692.5483938032185 0.3742394070563789 0.38278108874679234 0.0002724733015184101 0.0002457536658720352 
b'A4' 0 3 472 560 53.5 5594.6927315535 0.399059155874992 0.4054446701315965 0.0002194359450242433 0.0001908891389891296 
b'A6' 0 5 482 798 43.0 5315.811013424936 0.4255025288327526 0.4312022399262424 0.00018496783731939776 0.00017159355201237602 
b'A8' 0 7 470 1014 55.5 6041.94823739228 0.4426966295087571 0.448791270332439 0.00017779033078912097 0.00014810613870007067 
b'A10' 0 9 471 1243 54.0 8988.071007367604 0.4714838741617346 0.4820105975899889 0.00021051890236629305 0.00018985922121059283 
b'A12' 0 11 504 1505 20.5 7761.368266796865 0.4993618715629264 0.523466858058528 0.00041716010867924727 0.0005643991536702834 
b'B1' 1 0 587 168 46.0 9041.911323823899 0.4083116008456741 0.4358959627892045 0.0022306755306391096 0.0009854654690514995 
b'B3' 1 2 603 463 36.5 5207.9061223478 0.3959477488060912 0.40305894047943797 0.00020743263807304505 0.0001830146229056801 
b'B5' 1 4 591 679 48.0 6923.504862737884 0.41421922614266643 0.4220396688669967 0.00018134466260114586 0.00016660454538428395 
b'B7' 1 6 578 894 61.0 7038.483792699405 0.44042923477419954 0.447956756297052 0.00020549815959576778 0.00017957267896268904 
b'B9' 1 8 596 1140 43.0 9954.145514883587 0.46642535586979894 0.4817497658791467 0.0002156340046256487 0.0001840480088720682 
b'B11' 1 10 585 1357 54.0 9432.316507831203 0.5018309778149727 0.51342624755878 0.00018528669606146194 0.0001507311658195106 
b'C2' 2 1 684 316 69.0 6704.094929209816 0.39149691085008936 0.3964299680448258 0.0002658277595222973 0.0002213627130438724 
b'C4' 2 3 702 562 51.0 5925.117268976317 0.4117262764165768 0.4179718575527713 0.00017015419035898216 0.00015323215025061422 
b'C6' 2 5 695 794 47.5 5664.769346348604 0.43465027191583194 0.4420220404671277 0.00018320169134867324 0.00018588100738552995 
b'C8' 2 7 703 1019 50.5 7375.408684908924 0.45925684600401806 0.46832267234533653 0.00020461592845588529 0.00016164164568540282 
b'C10' 2 9 709 1253 44.5 7604.733366272488 0.4962504056239971 0.5059058653166494 0.00020497732336943533 0.0001634524302990329 
b'C12' 2 11 713 1485 40.0 8703.688802337776 0.5244731384508112 0.5301497369109034 0.00045863707524324595 0.0005412666185886194 
b'D1' 3 0 836 152 30.0 9178.755039587873 0.4163158092821803 0.4655247214147486 0.00147427566315556 0.004795108732716068 
b'D3' 3 2 840 472 27.0 6355.882730564535 0.4116036398958401 0.42506934200175767 0.00020146760987034857 0.00022484873915085897 
b'D5' 3 4 794 654 73.0 4202.6257903073465 0.4295258213491857 0.43112124085651204 0.00017420716929295266 0.00016157937986679437 
b'D7' 3 6 791 885 36.0 22028.610509210295 0.4616889793566398 0.9529010594264226 0.0010256883002237671 0.003884958889558925 
b'D9' 3 8 772 1132 51.0 8628.581864277294 0.478687781081459 0.4895197061525801 0.00018971937244686556 0.0001641819798055913 
b'D11' 3 10 799 1343 68.5 6066.327720810489 0.5152409506389842 0.519846916995107 0.0002602762542049721 0.00017611062884312551 
b'E2' 4 1 886 331 54.0 7045.479669557041 0.39341003157088966 0.4024275102228653 0.0002671192590805111 0.00019729209878184212 
b'E4' 4 3 922 589 24.5 5798.121597520429 0.4213845931391824 0.4292749315946464 0.0004074748600387554 0.00043592114250445765 
b'E6' 4 5 893 784 57.0 6849.0013346081805 0.43903373428377135 0.4470220223857184 0.00018954044869672382 0.00015830678183337445 
b'E8' 4 7 912 1017 52.5 5004.562933827254 0.4663646567328513 0.47145196879308954 0.00017059679489150935 0.00016127880398484972 
b'E10' 4 9 909 1251 46.0 7972.04544615507 0.4889155169611666 0.5017648580802502 0.0002775055732418164 0.00020705918060688378 
b'E12' 4 11 863 1501 24.5 9452.881161711222 0.526854427719013 0.5458468108261031 0.0006602935056170007 0.0009123153356472562 
b'F1' 5 0 986 162 40.5 10483.814691711941 0.40026580789896793 0.436385631040097 0.0013398386621249667 0.0007840089081078707 
b'F3' 5 2 1007 438 61.0 6902.963162055113 0.40102844589365216 0.40802715392902644 0.00022401683393693237 0.00017529464387746121 
b'F5' 5 4 1015 658 69.0 6628.151589884947 0.422969109396001 0.4262477738702101 0.00019272791514820875 0.0001972467352214917 
b'F7' 5 6 1026 880 40.5 22121.138196122934 0.4571485588261629 0.9374387133993318 0.0008625822065311811 0.0032462689024602793 
b'F9' 5 8 1024 1132 51.5 6243.449353413384 0.47643409300476774 0.4859270630468948 0.00023206209973631686 0.00032941577752714857 
b'F11' 5 10 1030 1334 24.0 10708.516632150424 0.5119063542347486 0.5395219076874079 0.00019343356144177517 0.00015774254436171057 
b'G2' 6 1 1175 278 31.0 9827.551920787993 0.3884483005257588 0.41959661467400405 0.0005219739707396905 0.0007370198592198063 
b'G4' 6 3 1118 555 58.0 6928.679521914472 0.39900993282935693 0.40681982328493144 0.00022638001989188652 0.00016336551973021249 
b'G6' 6 5 1114 787 54.5 6930.1191287430765 0.42502368235356275 0.43303990812470633 0.00020973429431748506 0.00016646225248037732 
b'G8' 6 7 1109 1020 49.0 6913.294232545907 0.45651166276714766 0.4646207818768467 0.00020189204677876447 0.00017530657392556673 
b'G10' 6 9 1103 1254 43.5 7588.69163382858 0.4879919919722873 0.4979559658993362 0.00019203728845736375 0.00016153068018995856 
b'G12' 6 11 1086 1503 22.5 7616.174260571659 0.5189091806978935 0.5443690020426255 0.0006915453766851494 0.0009978677911277017 
b'H1' 7 0 1232 180 58.0 12028.889922143904 0.3983750665441725 0.4172106921721412 0.0038404058771481383 0.0020462769650552923 
b'H3' 7 2 1217 403 43.5 14476.537200799636 0.3734804964646803 0.41787417091793916 0.0006377345502477705 0.0007848975029309168 
b'H5' 7 4 1231 670 57.0 8215.71705804374 0.3972662863933658 0.4065639758491044 0.00024474538002463415 0.00018100664726923316 
b'H7' 7 6 1218 911 44.0 7678.411670123307 0.4249593694171685 0.4351916352881809 0.00021331155545845293 0.00019056879586706188 
b'H9' 7 8 1223 1134 49.0 9831.981306938107 0.4558884336740165 0.46910031875006425 0.00019943655932804332 0.0001771591824797239 
b'H11' 7 10 1230 1355 56.0 9091.383039945626 0.48842630823035466 0.4999371981054112 0.0002964658994533595 0.00022348708367220848 
