b'A2' 0 1 446 339 34.0 21447.61441222465 0.36635204216056466 0.6186822044325869 0.0008500473839417705 0.0009300374788454099 
b'A4' 0 3 448 568 37.0 19087.683845322692 0.3989083581520915 0.5516278108869745 0.0013730605257899534 0.0015124960931259198 
b'A6' 0 5 446 796 43.0 21856.968578818924 0.43521621820894063 0.7549498613338438 0.0009557672793568024 0.001772782387489254 
b'A8' 0 7 454 1023 40.5 21560.829679893017 0.4599484200144383 0.7270640879440657 0.0006512081868139384 0.002708801082673419 
b'A10' 0 9 453 1251 36.0 22040.343787401413 0.4776303244791598 0.8319560998651118 0.0006506314568944811 0.0013741515372132458 
b'A12' 0 11 456 1480 45.5 20467.25791564924 0.5074315243976038 0.8748537352283219 0.00718455185531657 0.0023536895193999366 
b'B1' 1 0 557 213 65.0 17236.566314611468 0.47506859402418133 0.5824003245675765 0.0032805280471820504 0.0011743890564230985 
b'B3' 1 2 555 457 53.5 21611.11290613231 0.399027929540591 0.8787132184652348 0.0034120294572551673 0.006472604431423285 
b'B5' 1 4 562 682 38.0 21700.002815493437 0.4080219485307906 0.6981589752175452 0.0008176597885529839 0.0017919288538740395 
b'B7' 1 6 564 911 39.5 21526.120441466428 0.43243888394728575 0.6345668599905449 0.0004283789526723309 0.001419605484361341 
b'B9' 1 8 566 1138 41.5 21879.691583267573 0.46034619367843527 0.7535975810079272 0.0007046811705102285 0.0015323903421660288 
b'B11' 1 10 571 1365 35.0 21507.215306914633 0.4801958565217945 0.677705463478343 0.00033432479772725783 0.001431475041500264 
b'C2' 2 1 678 336 32.0 19831.35321398711 0.37291337893033744 0.5307114716631196 0.00083395849336854 0.001112919612128367 
b'C4' 2 3 678 567 32.0 20845.33636758676 0.38550478283148504 0.5244903254568118 0.0003453159883801676 0.0006553355599637037 
b'C6' 2 5 680 795 31.0 21758.304327822207 0.41968895312305826 0.7292763041232365 0.0006896511516561915 0.0012725310603453812 
b'C8' 2 7 683 1022 34.5 21270.408369081222 0.4368507664670464 0.6210220318774238 0.000395620996951643 0.0013820454018364378 
b'C10' 2 9 685 1251 32.5 21861.92357708665 0.46287850081907983 0.7414195351465065 0.00039138568929209606 0.0016517224132755143 
b'C12' 2 11 687 1477 33.5 19880.15945191626 0.5135105086220288 0.7701816349620888 0.002721578656452385 0.0009414904025940196 
b'D1' 3 0 792 219 32.5 10463.348886477697 0.36483137534325794 0.41396473291907626 0.0011981384621591775 0.0005216552435278902 
b'D3' 3 2 791 452 30.0 21213.918450000605 0.36477479329664303 0.5772432852522569 0.0005217898354643764 0.001277652058778653 
b'D5' 3 4 794 680 31.5 21407.38468572827 0.3916600852392963 0.6098058432128357 0.0005530156340342605 0.0008610370743003614 
b'D7' 3 6 796 911 36.5 21753.485701455502 0.4216627570677232 0.7891780050367025 0.001077326416329813 0.0029722161632659725 
b'D9' 3 8 799 1136 35.5 21317.033805779996 0.4432644902305573 0.6662151927419516 0.0006056360853246748 0.0018420981496720694 
b'D11' 3 10 801 1361 34.5 20586.269681641574 0.4603725195758183 0.5701883817883544 0.0002839351170371461 0.0005338705144167452 
b'E2' 4 1 907 337 34.5 17515.40097408263 0.33918198656298243 0.40956799869520694 0.00036135144993448365 0.0008752257557584701 
b'E4' 4 3 906 565 29.5 20994.424601977174 0.3650736527173325 0.5280138522196627 0.0003908155525599106 0.0006386602092485592 
b'E6' 4 5 909 794 31.5 20858.31259819877 0.39363450058460075 0.5502750842171561 0.0003667616038792438 0.0011828622875949897 
b'E8' 4 7 913 1022 33.5 21144.671000879862 0.41688382006932 0.5712910759770673 0.00039218499778765367 0.0005467595865833765 
b'E10' 4 9 914 1249 27.5 20289.411356661134 0.43493094986008424 0.5662762556773329 0.0003543199311818664 0.0005456612243574283 
b'E12' 4 11 916 1476 32.5 13044.55308657667 0.5179816980123716 0.7401345312415222 0.01414206914487282 0.0012209506405796782 
b'F1' 5 0 1020 217 41.0 21137.128379574966 0.3631743688446205 0.7044386042463995 0.0023555576572381757 0.004154151348620211 
b'F3' 5 2 1025 451 47.0 21738.300610591803 0.3558481482294649 0.7812148569400562 0.0017576004479119168 0.0049760358791061735 
b'F5' 5 4 1025 681 40.5 21494.52910686695 0.40027224661093036 0.8866424766323449 0.002935218336296049 0.007604245000215621 
b'F7' 5 6 1023 903 30.0 21027.02877764781 0.4057525176329762 0.7115994830669023 0.0009582761570993075 0.005153617815805503 
b'F9' 5 8 1026 1132 30.5 21263.994860465933 0.41122414280716113 0.6257287964540049 0.0004363318302164739 0.0018760797717664115 
b'F11' 5 10 1027 1361 43.5 21334.87004047278 0.4377751731054623 0.6765638659738157 0.0007951157314552808 0.0024959742253214926 
b'G2' 6 1 1136 336 29.5 21632.89751187121 0.3240255661557038 0.7327760168804411 0.0009531627010698618 0.005108729193998539 
b'G4' 6 3 1141 567 36.5 20420.813316180767 0.349004485745322 0.5109346678417857 0.0006557996838822582 0.0017047599650349852 
b'G6' 6 5 1140 790 48.5 20873.97304046044 0.37975506366498146 0.5215576558740194 0.0005220501830688122 0.0011185309720175185 
b'G8' 6 7 1142 1018 38.0 20082.133829828657 0.4348310313342582 0.6196820345142471 0.0013795658589195302 0.0014707000274127861 
b'G10' 6 9 1144 1249 50.5 21321.027645882703 0.41492620775587363 0.7991736250456494 0.002023642836126217 0.007145161643181698 
b'G12' 6 11 1147 1480 49.5 17035.16922331526 0.5327355294512381 0.8579400359681815 0.02385619544068183 0.005965920101597283 
b'H1' 7 0 1257 215 51.0 18668.580683637392 0.3739185351572547 0.5485793726368504 0.003227244023982418 0.0031286244955029906 
b'H3' 7 2 1258 453 52.0 21413.12829861058 0.3461662115015753 0.7567434294334587 0.0031364560193219084 0.0057492074494522455 
b'H5' 7 4 1260 678 41.5 20479.04055418102 0.3791318942280706 0.6448341963683372 0.0017912968297809733 0.005452117640146433 
b'H7' 7 6 1260 902 46.5 21704.66476679564 0.3981829059384052 0.785023146262166 0.001698922697995629 0.0038652879724268958 
b'H9' 7 8 1261 1130 42.5 21334.125000325308 0.4025397271398346 0.7619693966601635 0.0017337390637390865 0.005710410793497892 
b'H11' 7 10 1262 1357 46.0 21558.09747005994 0.41289981157026107 0.606055172474024 0.0006615089881670225 0.0007645843989652195 
