b'A2' 0 1 435 373 20.0 19393.744891677394 96.63309382057072 146.0843373493976 25.101265710557175 457.58083901872556 109.89279408745638 121.77429718875501 18.847591269240343 106.02696988758247 105.92835146787107 128.66907630522087 16.895338670147197 166.8366742471896 0.4087801785517327 0.5171478655012206 0.00026432356252627817 0.003130100241647554 
b'A4' 0 3 441 593 20.0 9195.761263123351 102.21063436665982 111.88755020080322 19.235945214495388 32.49980484185739 116.90026688564977 123.19839357429719 19.261619719369463 20.12690504991855 112.68938616300554 119.73333333333333 18.84882801573135 20.5875234270415 0.43437747414268524 0.4639840598472321 0.00027058805495304926 0.0003356971423474391 
b'A6' 0 5 449 814 20.0 21868.401350076954 108.55265859166495 197.1847389558233 20.22127757570066 2015.641373526233 123.66590022582632 170.2562248995984 15.251670299221873 754.5198909695004 119.67481010059537 189.19196787148596 14.422028166566013 1516.6772045612167 0.46117298236461485 0.7432359398377825 0.00021931688517857386 0.02374500286043416 
b'A8' 0 7 452 1034 20.0 18568.640269767453 113.77047834120305 149.08032128514057 18.092916194921983 803.5019822260931 128.97897762266476 146.85542168674698 12.407687807136288 190.38070353703972 124.41560254567851 152.12208835341366 11.652526012426287 507.2622028676956 0.4803236588050125 0.592533279155839 0.0001820631883263097 0.008175881010354713 
b'A10' 0 9 452 1247 21.0 22122.831606871197 115.74949444925922 144.82322863403945 16.789048380463186 52.968021423986514 130.83290000412694 149.0891161431702 12.326458343308573 29.940926099732096 125.54322974701829 150.30606281957634 12.349901648301696 36.744163388310824 0.48566057341875296 0.5845224262736505 0.000184267399862731 0.0005803809271768125 
b'A12' 0 11 442 1513 41.5 11118.499315451108 134.19184462171134 134.67288166882037 1157.845968271552 405.912930832038 149.75370361195064 151.14214509876317 875.5170520068873 240.78171465275105 144.06500520239805 145.91785120915637 1012.5825057312816 310.6713021576656 0.558341622487572 0.5643332030246102 0.015837319781184776 0.0049650242194250105 
b'B1' 1 0 528 220 42.0 11022.183712823213 100.24622740176304 101.74080782466945 127.58297981601092 55.754047454646255 112.88435679067683 114.58739358811809 69.56309958005636 40.16411566631644 110.35529657851487 112.21916319507335 86.0149068284713 40.4504279177615 0.4250567239990274 0.43201279251059227 0.0014087126425830325 0.0006486744486430319 
b'B3' 1 2 548 481 20.0 9791.956166875034 99.48478751796345 108.7140562248996 17.905937744832908 26.62827631812391 112.58989940463971 118.15502008032128 19.659121956622517 24.958298091966263 108.96509956887702 116.91084337349398 18.67141591597395 26.167954710407898 0.42043875029888783 0.45199502449011736 0.00026291570241148484 0.00038471842267369654 
b'B5' 1 4 557 700 26.0 24892.603745188397 105.84019411689583 237.3371266002845 50.66076747328027 363.14428780805963 119.93448554765655 181.91417733522997 27.126055649305844 50.66546519567408 116.40398450470393 217.48790896159318 34.66017568644842 172.13890074846879 0.44868128695094744 0.8593764770962913 0.0005446433576488493 0.0028552770913168085 
b'B7' 1 6 560 917 20.0 9075.432733835383 109.46376514062821 116.95903614457832 15.419781266130341 22.88105288624377 125.0426606446315 130.18232931726908 11.854102877857846 17.524185738939693 120.66684459043317 126.56546184738956 12.575601601592064 17.010373381074498 0.4651046531170875 0.48935244129459016 0.0001853968829370958 0.0002646545417412271 
b'B9' 1 8 563 1140 20.0 9260.973861569884 114.57372202833093 121.9004016064257 12.794349501052423 17.326626344736372 129.8772326011086 134.77670682730923 10.057028350536427 14.1654012032064 125.17187435844795 130.29236947791165 9.719258219484164 13.975564265092498 0.48336871889252525 0.5052250863847547 0.00014346282769808945 0.00021180343395634324 
b'B11' 1 10 566 1361 20.0 16857.1572203579 114.08630671320057 130.8441767068273 21.88694655261147 52.50102030612409 130.66791213303222 143.1991967871486 15.161735714718318 32.64144513798165 124.83198521864094 139.79036144578313 14.92237665837318 42.474123965742486 0.4822325445755391 0.5417061733994802 0.00023307470631250097 0.0006463357041980749 
b'C2' 2 1 655 368 20.0 17146.669870255297 94.42016013138986 119.87389558232931 22.704064930219158 163.7824912501411 107.24073085608704 118.45381526104417 20.538189077838705 81.793248495992 104.7943748716896 124.02650602409639 17.210110012622522 131.81214883630906 0.4030048490425528 0.48134229529884237 0.00026304601451800015 0.002029816987935392 
b'C4' 2 3 658 587 20.0 8063.43508718836 101.16653664545268 108.98232931726908 20.34073197971849 35.00852308833728 113.90732909053582 119.37349397590361 20.82930986480556 23.040421928678573 110.50790392116609 116.69236947791164 17.858313631499716 24.780062257060372 0.4265410271756413 0.45195017654933456 0.00026504066198648475 0.0003920871728636858 
b'C6' 2 5 668 811 20.0 15761.909963280566 106.46011086019298 126.00160642570282 17.023116308793984 219.53734681698683 121.3545883802094 126.84417670682731 16.18303324773195 56.54600022580281 117.67567234654075 134.61285140562248 13.856174742981947 171.56577861647395 0.4531671191243896 0.5185209427513977 0.00020878950194170022 0.002571156467428471 
b'C8' 2 7 671 1028 20.0 21123.679364020165 110.6591254362554 146.33253012048192 21.481915802578207 91.93279721294817 126.67053993019914 148.8425702811245 15.001536128101744 61.44991467879551 122.09000205296654 149.79759036144577 14.70395054403192 82.39115885227658 0.4705537158935838 0.584283953382156 0.00023055888420709885 0.0012576686527618274 
b'C10' 2 9 676 1248 20.0 16801.691421825442 115.2893451036748 132.74939759036144 13.455059948856643 71.01029080176126 131.04520632313694 138.80722891566265 10.353981845133493 39.28332123675425 126.28187230548141 139.81686746987953 9.48609922491768 62.50782793825906 0.4874093986579235 0.5421264124734231 0.0001445466060988891 0.0009365139695258273 
b'C12' 2 11 680 1513 36.0 9783.754461005374 140.69880747993133 138.23561373178563 1544.7741617257775 208.44535058035976 153.43348336504107 156.99283773771302 805.021223999062 152.69715788945265 150.00751705257298 149.9155346999259 1143.979990823511 176.38654306430593 0.5814761899588846 0.5801718629145903 0.01834825961203868 0.0027580643142989377 
b'D1' 3 0 764 245 20.0 17333.453502696277 100.8902073496202 166.77831325301204 89.87453970243828 2652.850453379784 111.76226647505645 146.08915662650602 54.86871372985329 851.4627338268738 109.60106754259905 163.00722891566264 67.60435114941049 1961.8063734455895 0.42316012625341654 0.6376031032364753 0.0010739537732070723 0.03067093655236076 
b'D3' 3 2 755 487 59.5 5979.798644288513 96.79912905232598 99.23129435013024 21.48560648552286 19.531789908238085 109.14356812055021 111.0799425132489 20.335439898639475 17.523295712135855 106.09151862860303 107.34860325159435 17.94724748294253 15.401245915796487 0.40916446514515115 0.4152655085129354 0.0002695743767784188 0.00023220490027522887 
b'D5' 3 4 755 715 55.0 8420.525094365512 102.79101332506973 104.79693608029582 17.025552955198954 22.644026534213268 115.58128292531764 117.61933438985737 20.07890594629352 19.96465523577983 111.81351100092965 113.94780771262546 17.869839144827854 18.95131716957602 0.4320309278453246 0.4402665277026816 0.00025127670354692844 0.0002778296634787505 
b'D7' 3 6 779 917 20.0 6978.746988043142 107.16551016218436 114.73734939759036 16.810093555172855 18.956717472298834 122.34962020119072 125.98714859437752 14.176882939308605 14.777344881534171 118.33459248614247 122.46506024096385 13.83035950853726 14.067253108820827 0.45588488623747586 0.4748112323805024 0.0002059379955601281 0.00021631539038781126 
b'D9' 3 8 785 1137 20.0 14163.61014270655 115.07259289673578 127.86827309236948 14.380113149602591 36.957748423412525 129.01400123177993 139.17108433734938 12.005264856496117 35.15868195674263 124.14826524327654 134.3293172690763 11.51860456606563 32.66745375074596 0.4806686448408145 0.5227664187731318 0.00016937255346986528 0.0005087146374404056 
b'D11' 3 10 758 1360 56.0 8282.108740717964 113.84954629100831 118.12468245097043 31.201489577763862 15.3720165260298 130.938828605876 132.7050096534905 14.429915018469734 12.226261866078946 124.41823719779174 126.70805812417437 18.07122270634905 12.57740585212407 0.4809510785122476 0.49143714117208714 0.00028977030941388607 0.00018369818622331554 
b'E2' 4 1 886 373 45.5 7956.791312034695 92.10989471478707 94.93654939314794 21.501201659859447 22.98583421406823 104.42753129747001 106.59517591027807 18.917630797236903 22.18194630873909 102.3305222356084 104.80181287448148 17.395862170305953 20.21083708835168 0.3933718950619376 0.4032735131748198 0.0002630417300828182 0.0003021622978013194 
b'E4' 4 3 883 579 20.0 15826.659275558008 99.66015191952371 119.73413654618474 18.124330833007498 122.13252947533103 110.72153561896941 124.10923694779116 19.740893227996327 73.48204319285172 107.96349825497845 123.04819277108433 16.174606854800896 85.73261721585136 0.41724663393191397 0.48008022395464206 0.00023910025230215398 0.001393886819430026 
b'E6' 4 5 869 829 57.0 8815.254317157372 103.15893610120013 104.99509081983308 17.6309183621187 20.419416253411065 116.99565358417127 119.29896907216495 18.716231514118686 16.773160449215293 112.71670450859553 115.20726558664703 18.12726880240264 17.455813681550133 0.4352713370602863 0.44443996184315643 0.00025696001589397194 0.0002557183176706755 
b'E8' 4 7 869 1057 59.5 8576.315747119033 109.38072855464159 113.43752806970268 22.39544806255852 18.448019471164844 123.32328748185526 125.56031617713106 15.569709300294669 15.099141982130284 118.80970484551047 121.13078235875325 16.469421264926407 14.643813966195568 0.4593391242814953 0.46986405964954914 0.00025035863229687177 0.00022368648269159949 
b'E10' 4 9 899 1247 20.0 10729.010431618095 116.29591459659207 124.60481927710843 13.600671053268773 17.01009725649586 129.88076370355162 135.86345381526104 11.307811036547484 15.563684456702315 124.97795113939642 131.5991967871486 10.738787097592112 15.385541523523813 0.4842608280781416 0.5114523313646744 0.00015665179361605008 0.00023686685053385143 
b'E12' 4 11 908 1513 40.5 14032.523853686067 157.95227840046988 182.82259624685625 3721.413169763617 3558.667889487012 167.34173559786598 188.28690268910813 2317.120454312354 2381.7600161176347 164.7238999559493 187.77693944670148 2941.4827232955563 2905.054326017034 0.6410732404909496 0.7323957249667133 0.046774388170100205 0.04593838195513695 
b'F1' 5 0 987 250 20.0 17591.034473062875 101.20488606035721 178.15180722891566 280.2041313306844 801.7464324768956 108.8778484910696 128.6570281124498 104.7150728499664 210.06309317591652 108.41490453705605 168.2313253012048 154.16269306725718 574.2693801712875 0.4192790347836938 0.65680831719033 0.0026137514553838115 0.008871699497751122 
b'F3' 5 2 983 487 55.0 7333.086894942826 94.47703749612643 96.04796619123086 22.589231012848767 18.992310971915604 104.42039045553145 105.94305335446381 20.673907129850026 18.14604392583793 102.02355128602417 104.23180137348125 18.005766997912044 16.48509538157234 0.39448129101879364 0.40241614770620343 0.000274542647592087 0.00024504273620712977 
b'F5' 5 4 997 699 20.0 8240.72807311324 99.05107780743174 105.62570281124498 19.137937146686713 31.08881727714069 110.39145965920756 114.91726907630522 21.321446257816262 25.772272060128063 107.535742147403 114.28433734939759 17.438786140861662 26.45087917936807 0.4154456792461184 0.44113730151980474 0.0002568718514654885 0.00040715273602712687 
b'F7' 5 6 983 943 59.0 7789.357621502459 103.85290313797563 106.06105050875424 19.02301570220988 24.992331135866685 116.10720849499694 118.4282702355853 21.597995141268797 18.40453950493588 112.21380437002246 114.72554771289761 17.605843065397824 17.843825268348652 0.4341875580220516 0.44373062098393307 0.0002566127013757421 0.00027015942163597273 
b'F9' 5 8 1004 1132 25.5 24507.130656662102 114.19777466343908 251.46858256210425 61.60393949939968 180.07171143461068 124.35847454028114 103.05698977106672 22.935028513419407 172.7356708216197 120.6494670234 162.81831466147102 17.770361439297734 50.41755059363308 0.4688074581916684 0.6954811963363036 0.00030191926478821847 0.000846163347691012 
b'F11' 5 10 1010 1360 20.0 20991.460617301527 115.42081708068159 134.69317269076305 35.855390915216354 157.8319614199771 131.09587353726135 146.03534136546185 21.897151931451226 100.59312849792745 124.89238349414904 141.11004016064257 23.830381323677464 112.56379477750359 0.4836350873074338 0.5494179217261203 0.00037776521692774374 0.0018354944473927383 
b'G2' 6 1 1101 366 20.0 19430.84732067901 88.08257031410388 122.65381526104417 25.30194831034026 237.14682279318075 100.43494149045371 118.87871485943775 19.376541358719926 169.97324172190773 96.8097310613837 125.29718875502007 20.166712943479858 201.15987161497392 0.3733983806844026 0.48734392125364195 0.00030351051341829887 0.0031512099871797224 
b'G4' 6 3 1106 578 23.5 23601.28930917065 97.1883565949956 249.10396323951753 83.6383555665405 294.7387608579249 103.85615491009682 86.87421022400919 32.01074326884833 399.6653946232384 102.08072425499812 136.90407811602526 31.070645252729516 59.627214845132805 0.3967415869705106 0.6162329420774627 0.000513025370116858 0.0008962774752696404 
b'G6' 6 5 1116 803 32.5 22713.584719298047 98.91613945349307 148.73498339873225 27.4192248682451 200.07646103956745 107.55826266433347 110.28523996377905 27.147130431658056 177.0665403665043 106.64544353210391 143.58134621189254 23.583626992896534 173.25636196676575 0.4120344340189524 0.5579444896219883 0.00034615849990411973 0.002681357345264822 
b'G8' 6 7 1097 1057 59.5 8667.3280897284 103.77790834312573 107.4263001886284 24.317510161502938 22.636556121869187 117.32308011336144 120.05290577562202 19.236325675685947 17.870101365144944 112.94027787378171 115.93236324440852 19.43487938639299 19.858265474089606 0.43650695839212156 0.4487133959276695 0.0002934541820261469 0.0002968837089799447 
b'G10' 6 9 1118 1246 20.0 7306.631551667713 112.56140422911106 118.33895582329318 19.67805050196528 17.284305737004242 126.43785670293575 129.33975903614459 14.189229978234174 12.603439299366139 121.36998562923425 124.87710843373495 13.812895072673793 14.902969952097548 0.4700531591612625 0.48552748279392083 0.00021312601358740735 0.00022727396542025755 
b'G12' 6 11 1097 1513 44.0 12805.071547270842 160.67404107133711 188.39766178165652 3244.4246567019545 2596.2592864807016 167.04875300865467 187.47735880125143 2048.033470944629 1825.3695268953022 165.13652890869054 189.17388440638894 2605.5964569022085 2198.1574803337485 0.6444161631406289 0.7407318337353054 0.0412415096174523 0.03434541212284705 
b'H1' 7 0 1211 247 21.5 21262.833410032945 94.56533985006006 176.71036376115305 233.50638596638908 690.4926379596476 104.86343867787764 146.46396705559368 96.93860569610085 193.2535060195049 103.37638238826989 173.706932052162 149.33068853240243 486.23600548131304 0.398475500421102 0.6760037000551765 0.00244311345855891 0.007627267222772103 
b'H3' 7 2 1211 487 57.0 7812.048054893887 88.91566655854687 91.37162493863525 24.28390311554401 21.67446240621164 100.5066493674992 102.76494845360824 20.009800093404564 19.292026175546205 96.83347388906908 99.06489936180658 19.51589539236071 19.203937311914174 0.37417951287579576 0.38312491014275124 0.0002947056958252863 0.0002810267482774187 
b'H5' 7 4 1215 691 23.0 23322.37511382271 96.10621685942132 248.01273499090357 68.40807416432015 359.979825691444 103.62748945764268 77.35657974530018 29.876767606408418 285.06387574879534 101.70994948018871 125.26500909642208 24.97849856118204 86.17052214970501 0.3947349448260787 0.5799792278148372 0.00038349219715188307 0.0010067877211649876 
b'H7' 7 6 1217 913 20.0 19565.084743278985 98.7036748101006 146.4144578313253 20.35493414512404 786.9189877582619 110.49575035926914 115.48192771084338 23.37508972129683 212.9436492959791 107.73303223157463 145.37991967871486 18.149052579334768 622.7865847325044 0.41573915982948306 0.5625259365304355 0.0002676873238287843 0.00935939091644644 
b'H9' 7 8 1223 1132 20.0 15415.304020999662 106.50576883596797 118.19196787148594 32.519315930139456 190.81857002306418 119.45768835967974 120.94136546184738 22.058269261122973 31.18130094675892 115.14912748922193 124.96305220883534 27.551811494935162 125.50064289285656 0.44558063142809984 0.4832715026380029 0.000406318863687561 0.0019377549637399278 
b'H11' 7 10 1224 1360 20.0 11808.057427165164 113.74744405666188 120.13092369477911 20.877993364505326 51.12101159658715 128.1001847669883 131.32128514056225 16.407043694048394 35.74255899098401 122.91640320262779 125.88674698795181 15.91943325479574 45.933358494217835 0.4758500001368644 0.49041358721159145 0.00024281211962573506 0.0007009728306487249 
