b'A2' 0 1 451 344 34.0 23307.599418672617 89.00486651202984 247.06725712704124 160.86980849061777 462.57864835818685 97.23363805885296 86.41572100747301 67.88687866883488 215.6179316487062 94.84718242597899 129.0218654857459 83.73068326516983 52.500767402885714 0.3677558970407647 0.5922925811475989 0.001338946083642133 0.0007884121866466759 
b'A4' 0 3 453 573 37.0 18718.11421214775 98.42244007692669 209.4206960990423 277.1395236487264 335.7863411178755 102.27097893897462 57.85774351786966 117.59742739666697 366.73869792160303 102.4607157934237 124.53655687923383 162.7268093942958 89.0634265004438 0.3983878516724012 0.5402623294905442 0.002657306175781432 0.0013583519365983237 
b'A6' 0 5 451 801 43.0 24844.830724175008 104.25445369669443 222.2010371650821 87.19349202428799 375.88957541521347 105.94635377239464 68.38841832324978 43.9989893545322 344.2662444300187 110.91042139793086 188.33915298184962 53.48745889383434 99.97797439059829 0.42799262347300765 0.732887668242751 0.0008330376892032445 0.0015872692463832871 
b'A8' 0 7 459 1028 40.5 24495.857563984708 108.76310508540942 181.43606113368156 48.09463210872604 222.50128036461243 116.61333268073027 134.98529696266203 39.80976595260971 73.42907381875843 117.07043218638344 184.3673824724318 39.467164998472626 168.99658361092125 0.4520477188355642 0.7066040326380117 0.0005942376291135741 0.0024183674210350764 
b'A10' 0 9 458 1256 36.0 25064.64775716188 114.0018560623637 245.58532971103978 66.96904671511788 199.57292382930004 120.73769198645074 81.38429241788096 31.11995604841567 268.63374685052537 121.22444434132987 205.36206470733515 36.461573139111294 72.44238407978432 0.4692335274010305 0.8038067103472656 0.0005534682562811182 0.0011226086057746763 
b'A12' 0 11 461 1485 45.5 22356.44539702766 115.92630035095071 242.0778921493317 536.8779689169654 460.93647391001514 132.85747210727567 121.45521585497004 655.0683139491854 642.8145944725339 128.2851081661516 216.4278691043171 599.0670554843452 129.62350354040203 0.49407266253167237 0.8432587086357052 0.00898262958390878 0.001952419273736022 
b'B1' 1 0 559 218 59.5 18622.007326942552 114.38169627427939 141.46591215305847 223.50814081519522 70.32626548657915 122.1146056542476 144.2524925895985 204.5117843246877 36.556834934935665 122.48973525955623 149.0753615377706 231.96358786797848 55.682365190856956 0.4734891377672241 0.576904410558259 0.003482761198003593 0.0008522940080479134 
b'B3' 1 2 560 462 53.5 24657.88899693221 95.15729863244773 238.42317520275526 234.4489603753647 654.8178119823025 100.16422676064823 177.53638484612821 124.3053387463385 106.54397666513641 101.13518886679921 214.0325519386735 164.54489042610416 341.7475238620118 0.3913524738201805 0.849349747980072 0.002655802986126095 0.005693975465992932 
b'B5' 1 4 567 687 38.0 24662.943941343634 98.69404011189607 202.70170769571968 71.98011667735362 285.2507866158223 100.15105969370822 64.68440895985806 24.28849859256771 306.81790063204215 104.03736190792281 175.44377910844977 46.54566207465539 112.41006830871413 0.40243805347695 0.6794130915511026 0.0007021736532583049 0.0016095383244773818 
b'B7' 1 6 569 916 39.5 24437.342996919688 104.3970041072723 179.39266055045871 38.22296275692925 191.88006845663946 106.54375453007972 76.1355759429154 30.544388996038307 289.0032297651298 110.2334380285093 159.63588175331296 25.630889629585482 84.19932412057429 0.42638105741180254 0.6188777458775561 0.000388934630416699 0.0012771861630332104 
b'B9' 1 8 571 1143 41.5 24872.675709787512 111.33993955308924 219.39154513568397 60.70359583442772 350.0425572765764 113.25070603973641 68.06498061657744 32.00680906896565 418.70724142938246 116.72491700936432 188.72567841978955 41.06875782767629 87.13353482219075 0.4522749752509634 0.7315393677855118 0.0006115619904274131 0.0013699200831213546 
b'B11' 1 10 576 1370 35.0 24407.31470961943 113.54832483110437 177.65816193699558 26.871222778624645 193.52308425495318 122.37579852015259 115.2311897943244 25.42332347537627 162.97336721235092 122.03244634404155 170.88102056756054 20.959836981529786 92.17355542811121 0.4715855929978039 0.6600345502345693 0.0003054160015992659 0.0012919186078950938 
b'C2' 2 1 683 341 32.0 21989.79613457779 89.616566197812 146.81528861154447 63.97438954858727 94.71471165617294 92.75056932350971 60.8390015600624 86.81521233494642 292.7066848065498 96.45452109845948 135.7535101404056 54.6860651814593 62.90336131385973 0.3715074539572471 0.5204031450858034 0.0008414093558488815 0.0010115766375777336 
b'C4' 2 3 683 572 32.0 23518.45050187205 94.89386023665998 173.37971918876755 41.56475578399379 148.81400366529482 95.94820272382228 71.7188767550702 29.919531822265416 125.44140653863283 98.44103594552355 124.6773790951638 20.629287250103317 31.319940712761117 0.38238246208668775 0.5145424248875837 0.00032071820173048795 0.0005833668861012952 
b'C6' 2 5 685 800 31.0 24710.59694691425 101.52665575366102 214.35435435435434 62.79160686229347 192.90079268457646 101.9434145909835 60.03970637303971 29.794922234299335 251.84994158879155 106.91726761934257 182.86986986986986 39.36801709720704 74.1652483314145 0.4133848933119237 0.708644188371378 0.0005974462806061848 0.0011347293306420243 
b'C8' 2 7 688 1027 34.5 24110.330279183396 106.64241592312972 215.2173564753004 51.39183163757761 448.83126083554214 108.08615877373599 75.95700934579439 23.100103547428738 253.533799333691 110.82640128117136 144.4777036048064 22.697568815409024 61.118928771962985 0.43035189375608396 0.6061550501322023 0.0003674303689341193 0.00121695795331262 
b'C10' 2 9 690 1256 32.5 24812.58728397885 112.33526270920268 215.11198309689104 36.403325572613525 248.90777370089145 115.17647058823529 73.07696951403561 27.501904301901135 286.73207750495646 117.31866110288509 185.38635677633565 24.900743431027507 107.61227386848486 0.4553146549338091 0.7200217472464385 0.0003652848111325288 0.0014758259516627291 
b'C12' 2 11 692 1482 33.5 22041.302795740357 118.92753294986186 219.09684748650952 153.01553751165264 204.10507668477712 134.86679650346483 78.78841238284578 244.3450902901712 369.94813042465773 131.31523166810092 193.39108207895484 182.3378770591973 56.57610905347322 0.5056427980984504 0.7474145284038068 0.0026693839177317517 0.0008546303897019514 
b'D1' 3 0 780 208 59.5 11142.173504042885 86.56694546208612 111.96281325788198 76.89195502315404 1038.1155667554804 94.53452685421995 80.81855744183957 108.52654343238524 645.9857617921958 93.32425520149306 95.7978981406629 93.81018309599752 61.67693081976928 0.3606885783060027 0.3849134593673991 0.0013663491536117366 0.0010501836685741827 
b'D3' 3 2 796 457 30.0 24044.535165075613 89.4285902329867 163.33535065859738 45.11752580422912 155.80067628323292 90.00539686718442 58.97757208971164 31.13353236739662 176.28749983682872 93.56127418717915 146.83588465646136 30.71195562272846 78.15142144059406 0.3624576474201633 0.5647350464543239 0.00045752208311305325 0.0011532482640493665 
b'D5' 3 4 799 685 31.5 24268.270514780754 96.84284760845384 234.52256 96.33401280325067 339.9589310463999 96.50798665183537 47.42688 42.256254344649406 190.7784134656 99.79893214682981 137.784 28.501195745117858 37.685503999999995 0.387974458871513 0.5953968456784314 0.00048323882733805964 0.0007838015044803121 
b'D7' 3 6 801 916 36.5 24737.688452198345 102.22996776152875 231.34739099356685 87.05238044562704 537.2598293856039 103.32733728916507 85.96950202525613 29.497204828860884 283.7527034213088 107.15348315656684 195.59351918036694 58.96672465685549 168.85026059607003 0.41502498438463364 0.7658326482501506 0.0009031661780594867 0.002692356308981701 
b'D9' 3 8 804 1141 36.0 24186.826701883685 107.34652684330193 185.688565077797 44.37520938862332 380.6673945574468 109.56693424899076 89.33959002222771 30.58378717209553 209.75847461581552 112.36462345134797 166.45789083724375 33.32842044078269 119.03113617874786 0.4356728020809734 0.6469967828415634 0.0004977671978309173 0.0018720533367613476 
b'D11' 3 10 806 1366 34.5 23168.335164530905 110.55762983299016 180.01975967957276 38.212544736918275 189.70802077001645 117.78993365362618 90.84913217623497 28.009910107700648 200.84799991443865 116.76170212765958 136.16475300400535 18.296634393999135 31.054031347537702 0.4530096951296647 0.5577124927877694 0.0002708994564085777 0.0004867514291451018 
b'E2' 4 1 912 342 34.5 19419.350604504103 82.57268359643102 162.5113484646195 40.792600874265354 699.1257056582787 88.78906428734844 68.56955941255006 24.323659865690974 173.2123176964034 87.29599633951041 89.36929238985314 22.95539691968461 64.43531872492206 0.3388233042378242 0.40553850414932335 0.00034486662810526944 0.0007910874946356987 
b'E4' 4 3 911 570 29.5 23655.98377420927 90.1028119123628 211.7080131723381 78.02743207215792 234.5784831728964 92.31989329601609 46.73362605195756 48.20033150564754 105.09113785796745 93.49459920409323 117.01463593121112 21.502430708081754 29.153828965514656 0.36348685532795355 0.5179204618927703 0.00036615168004906843 0.0005816804377368772 
b'E6' 4 5 914 799 31.5 23569.435550138693 94.82046718576196 149.83072 33.3828069007586 111.2363042816 99.38447163515016 86.36352 26.204617601809453 131.6956932096 101.0252725250278 138.9216 21.40296530392811 68.88249344 0.3905429397893083 0.5390209820862746 0.00033367464513476473 0.001078758648258741 
b'E8' 4 7 918 1027 33.5 23928.776508056348 102.46437791566647 239.45044021584778 57.08572549620326 676.4139738192745 103.64794601204764 54.45754047145697 31.19373542060992 382.3714576258117 105.87590017663844 122.42573132632775 20.702023030209215 52.674475643804236 0.41172673019966627 0.5584038251165278 0.00035067093020523833 0.0004834095662347773 
b'E10' 4 9 919 1254 27.5 22754.305198396378 105.45523834129958 195.00294488851495 46.002550069146146 176.52123659477508 110.61899840675193 77.19478334034497 31.56357481388886 115.15473929887264 110.3506006975843 131.75094657130836 20.616949107362046 23.329642562143274 0.4287438732223717 0.5539548895873031 0.00033697086019181564 0.0004875568506362727 
b'E12' 4 11 921 1481 32.0 12149.21809394692 124.19352534047779 209.58159126365055 1479.1187881747878 155.93257843511867 135.69144898414825 76.95600624024961 833.5848141317466 277.86109107016387 134.39665103817816 187.409984399376 1109.9632752323223 48.96451809648048 0.5189091833698875 0.7221871334618091 0.01768909940093905 0.0007484163826140019 
b'F1' 5 0 1025 222 41.0 23912.368685242927 83.5332055252421 170.42800076089023 158.1313139491569 318.9269542111465 98.7757459568402 167.55430854099296 132.8890012807897 135.8312240653503 94.12259745366957 176.7198021685372 140.26388644499568 237.74933775808546 0.3615993869645386 0.6851841657994757 0.00218053513552033 0.003720972498028349 
b'F3' 5 2 1030 456 47.0 24749.7595778135 84.31750789487769 201.04178111898221 125.21032720481644 439.04480631149545 93.3757426537494 172.80858753795 69.03689378422519 133.8222596357157 91.08687041695659 193.08732109295937 91.46068668379165 276.1302960907695 0.3522094453697553 0.7581001849379335 0.001449838313662839 0.00448671136637988 
b'F5' 5 4 1030 686 40.5 24472.943269568837 94.78346630120895 239.4219384793964 205.60579780316914 726.732202007436 102.08012334198033 176.57109692396983 104.7699005476569 125.33722613279959 101.55587098037296 216.6517701683111 150.13078034731066 414.94702772353645 0.3927628767895 0.8572573113470578 0.002393768848991123 0.006763476700653387 
b'F7' 5 6 1028 908 30.0 23906.923848718263 96.39862226317406 181.57778568885723 64.6985001421203 455.96199851441247 104.08661313676451 156.99038803844783 43.9108870022389 137.55740138022003 103.52955113860735 176.8625845496618 51.31621461577588 282.29297174658933 0.4002133055789996 0.6918893310716954 0.0007997116247284718 0.004619080954584744 
b'F9' 5 8 1031 1137 30.5 24080.468532800907 98.14236555344775 166.75519945448346 39.09620092464924 203.77096256676413 103.41249393391274 95.50119331742243 29.024978237875146 101.47127372089636 105.34662725548154 158.39345380156837 25.884481830576675 117.05146754619504 0.40657361031887934 0.6103364422427682 0.00040208175914043675 0.001678570921478084 
b'F11' 5 10 1032 1366 43.5 24246.47931597265 102.89869164587894 186.39466174248784 72.85966483608914 467.12894917633224 111.18464592984779 93.35756253147558 47.86933203749132 270.1014590914818 111.72809652293438 170.08040960214873 45.93131209738801 143.28529189198773 0.43063790274038644 0.658884199639903 0.000707587940579318 0.0022542668089950762 
b'G2' 6 1 1141 341 29.5 24532.3628814136 73.4085800498535 184.76180021953897 78.29525677151435 377.1898763054958 90.09852626055014 167.20490303695573 44.30318888944682 169.39526319037864 84.69007740411948 182.05744603000366 55.78416838951304 295.67507536527233 0.32424591521132 0.7120049135116909 0.0008806619252762643 0.004575677936596871 
b'G4' 6 3 1146 572 36.5 22830.13347683881 83.87964304069523 173.04717655468193 92.95472412618936 363.4469047038773 91.58585245059103 63.19490111984751 43.66093520170252 280.99751510220744 90.140120543849 121.05742196807243 41.23313453670031 95.77297148098512 0.3486823778231566 0.5016994394689017 0.0006858848335813666 0.0015404257807466078 
b'G6' 6 5 1145 795 48.5 23743.059649774532 89.72603943538199 135.13661571757066 39.29101360485996 132.038687694475 96.7031910803537 95.9142432030299 23.331468369211372 45.58631545931569 97.85983412973032 132.5717570674963 29.4500080572896 66.3438635027314 0.3766588580130245 0.511661893258859 0.00044650459824322543 0.001007239799863423 
b'G8' 6 7 1147 1024 38.5 22722.454085915488 100.46051311451913 146.51167273506104 78.7423493425613 113.59876072733759 111.20806459318713 148.46583850931677 72.3725994313062 74.35892080579055 110.08341694137881 155.943885200257 80.95419970476101 101.60190574479917 0.423998576368104 0.6015700897450434 0.0012043788541540148 0.0015439656511299052 
b'G10' 6 9 1149 1254 50.5 24320.251464341436 98.00779338984015 222.95586585213815 150.29477969768425 1015.8334841680161 105.00989817395757 149.91048497693555 62.08545865622228 106.4365700303503 105.70675237499289 195.01969829198353 101.38581878907154 355.06057694425465 0.40792345255981677 0.7753088612490252 0.0016250367564266527 0.006449207078565845 
b'G12' 6 11 1152 1485 49.0 17038.268023704346 130.81453620222356 215.9325887514958 2606.4162365112043 482.96487468381974 140.8198462304331 195.31418694322562 1435.3422334848456 134.97069222884693 138.8258200121688 213.57545539157027 1884.0678415409213 294.6453169878053 0.5383027117368326 0.8343517991193287 0.030400090119691244 0.004758689754899361 
b'H1' 7 0 1262 220 52.0 21090.89669404275 81.9366637452527 126.77466116676487 203.03098705812758 234.27308805549254 102.35693835816535 139.05998821449617 162.58325816944014 114.25108615189411 95.85930470347648 138.71596935769003 192.75741780461422 194.61537845044583 0.3661538152406157 0.5341303730458595 0.002942108206692398 0.002993761333222104 
b'H3' 7 2 1263 458 52.0 24426.030719880935 78.84382120946537 195.35380082498526 212.6822982233655 482.4897925661042 94.81302950628104 171.591043017089 115.46337682851882 176.9054707447612 88.79520888109845 186.59080730701237 155.20369308374237 320.81735804006445 0.3416251916390278 0.7347900408795222 0.002477001156224634 0.005176299098628232 
b'H5' 7 4 1265 682 42.0 23314.36162168595 86.73335325464416 157.15160297047638 107.43983133250487 495.1168462803317 99.76054584391653 134.10124977359175 64.4428858218811 53.61463527921793 97.2843269087106 163.05687375475458 94.32958701519853 339.74862192374695 0.3734148250684307 0.6263306008786417 0.0014267341520424004 0.005130508024275234 
b'H7' 7 6 1265 907 46.5 24702.894601686217 92.36534679776774 198.3714075165807 113.71536572480173 320.5064190211078 104.7507307998937 173.97420781134855 78.03863552758445 86.10206136580487 101.98549030029233 195.10464259395727 89.82168689088385 223.5539725509639 0.3927081711608906 0.7618640227144653 0.0014109330074002352 0.0034941383411889633 
b'H9' 7 8 1266 1135 42.5 24231.827315187515 93.43621667754405 194.63087484597781 132.4836946276831 579.7435213082231 106.01772177318138 168.42175673296956 71.09677916632697 112.63535836433813 103.40197801094432 188.9313501144165 97.52368904394642 308.27904005362126 0.3979327405994276 0.739857872302239 0.001543824486741462 0.005149425449161962 
b'H11' 7 10 1267 1362 46.0 23571.874966048024 97.86695821697666 210.13200422896844 142.08351701869782 547.2875137145268 108.66283787343906 73.34934299954689 64.90360395975219 531.152238278515 105.9860898888245 141.19196495997585 81.71717834083194 40.42123735627107 0.4096226193656766 0.591961844161921 0.001299636421243521 0.0006986283275497234 
