b'A2' 0 1 473 337 59.5 8670.888555063815 104.14315338356259 106.66711578190964 17.79073265657302 12.1818315896665 107.89638487592451 108.12323722267134 14.034954097533063 13.555458414667646 106.82297642911453 109.30997934069882 15.165800970136338 12.250899245059587 0.41698394816058715 0.42612865383429943 0.00022577037252046665 0.00018263488868474606 
b'A4' 0 3 473 565 59.0 6371.774230837406 109.5840991082976 110.81593179943167 13.873177152794113 11.846034563503418 113.8108365666054 113.33825281877348 15.550698714763897 13.311563580413036 112.38983050847457 114.11861765514712 12.994380278943988 11.281373980588471 0.43880810636364004 0.4445511082592355 0.00018971068401077638 0.00016216649056913018 
b'A6' 0 5 473 793 47.5 5816.948796481126 115.34363351520717 115.7879813796022 13.851177527403554 12.773640289680085 121.05202312138728 121.38679644519678 14.407266043655342 12.66263283217244 119.07789962724867 119.76696290026803 11.411791299092831 10.05036291596033 0.46441844071516564 0.46681654637535647 0.0001676829545377334 0.00014673787574726423 
b'A8' 0 7 473 1021 59.0 7236.744878537255 117.46906269144374 119.33495279127327 13.740840582210959 11.019532725335731 125.85596623783269 126.79521496012467 11.030510146297322 9.3609414447629 123.24096385542168 124.55889632413603 9.86964726375381 8.176497306053955 0.47922735894058116 0.48474528194924493 0.00014919296813182013 0.00012125566089110756 
b'A10' 0 9 473 1249 55.5 10477.846395081087 123.2072779837848 125.55155330787491 14.317289749825765 11.727164735547165 135.0411036389919 137.40695634224377 15.111879719697018 11.891048729748453 130.0796304443467 132.2130250799876 12.314254806549728 11.049882984302359 0.5057920696620047 0.5143997834212641 0.00018960045976257396 0.0001631096284724485 
b'A12' 0 11 470 1455 24.0 9638.362730188324 126.62479526269371 128.17104527669088 41.901302796056676 9.133404217625818 148.7677963966234 148.7467859139184 66.07833128709129 13.222076030746244 137.90878165553735 139.15539407490218 41.254036947454 8.747233341071658 0.5344857627838838 0.5392657227720602 0.0006376724416713471 0.00013181330241069115 
b'B1' 1 0 569 184 32.5 8795.356084701707 115.86445012787723 115.40537277392092 336.7821377411189 21.315600472268095 115.14905550320815 114.36824630244492 186.11023635385394 19.116432089048356 117.70978597388613 118.19287654693632 283.0891953012561 22.347646207820013 0.45934518995950335 0.46009716139036355 0.004379186804055187 0.00032545551250826716 
b'B3' 1 2 587 451 39.5 6142.526821416426 109.45155834742691 110.37838939857288 12.031755846498939 10.601775591488018 110.56501570427639 111.24057084607543 16.315065057738394 14.243858593604687 111.94863493597488 112.927624872579 11.619250975450168 10.637167549391549 0.436542145938443 0.44025206172173253 0.0001726896060451538 0.00015768182219388853 
b'B5' 1 4 587 679 52.5 8312.63288800668 113.41548921075967 114.79447322970638 11.645045334128346 10.4743966280974 116.93621046408514 118.07380541162925 15.691762996792662 12.434736986890691 116.2043156961277 117.65791594703512 11.460353825254668 10.942621563458992 0.4535861163951244 0.4591349803921569 0.00016762758034651385 0.00015427402678480209 
b'B7' 1 6 587 907 59.5 8121.20540464981 118.44058892652244 120.81460522770143 12.980554792448059 13.722926901102646 123.86928872606622 125.20758106530135 11.592301443353236 12.40629481344548 122.38141978295431 124.34060900026947 11.022694797653841 10.830001856730275 0.4770637983402388 0.4849170269979905 0.0001590086564791415 0.00015869185497303782 
b'B9' 1 8 587 1135 59.5 11622.210541364237 122.54842054330545 125.98374202820443 14.320372669483273 14.228694629219888 131.2296951683141 134.33836342405462 18.27094234849605 15.123361625939664 128.37215732356398 130.93936944219888 12.995528096352494 11.712572924951425 0.499375065632806 0.5103190826777132 0.00019474064245590127 0.0001764014985604625 
b'B11' 1 10 587 1363 57.5 10957.346457249128 129.80440934517932 131.72811148486304 11.459605434279235 12.368075674260217 142.59559065482065 145.06487265737627 12.23164886961981 8.218088510934265 136.94925962487662 139.79961556943778 11.567612976030267 8.45797198099738 0.5326983506184311 0.5429962587745334 0.0001635972461468466 0.00012436772700446985 
b'C2' 2 1 701 337 51.5 7863.068285458632 108.6159105394287 110.31459057666946 14.856299378056255 11.404449625562801 110.45315487571702 110.78971346361348 13.47047196923444 13.085140560505696 110.91274117851556 112.75398633257403 14.203753879995624 10.188847854506882 0.43290795488344247 0.4395842771003618 0.00020520468696134435 0.00015482580509449206 
b'C4' 2 3 701 565 56.0 6996.392081846007 113.18954248366013 113.87643532161366 10.982095094949372 9.856696001532589 114.5546671743131 115.4251600447109 14.701989607800577 13.513375711099437 115.49038644584047 116.9493953866477 10.906294406151714 9.574108210806884 0.45072153625254907 0.4556333098222523 0.00015864068207964552 0.00013836997418665556 
b'C6' 2 5 693 793 57.0 6256.596656647538 117.90638987998703 119.37515954835543 13.095421381564792 11.550271513572307 120.62971132014272 122.1139911634757 15.123217140147563 13.053378130506108 121.02257541355823 122.43014236622484 11.207404719823662 10.162449316992536 0.4718904332805455 0.47748299614003686 0.00016976396646072787 0.0001512678037677543 
b'C8' 2 7 701 1021 52.0 8597.995111782293 123.10931931054631 124.60919269298762 14.46990730762301 10.445501823211194 128.3225825299445 130.38656452563347 15.379025524520973 10.327880772648466 126.95723049956179 128.5383618149676 12.036499721044652 9.687066968677438 0.49505094609131994 0.5013202697724936 0.0001776647027324647 0.00013638558760967177 
b'C10' 2 9 701 1249 59.0 8787.28880288925 129.08011707848343 130.50508754239618 12.227670151700021 10.209273777742872 139.48573956844325 141.53625446878723 16.73635303516363 12.10861777959434 135.72738411272206 137.53982949857917 13.358326415591305 9.934177659076667 0.5277875188090347 0.5346395649931069 0.00019514584286852286 0.00014858278250215362 
b'C12' 2 11 701 1438 32.5 10167.962615645847 131.91071027953515 131.96800482945972 45.682609299424556 14.449927108941358 154.5955938439449 151.49471777844855 65.85848644122024 13.286494887148459 144.23937721541705 142.51705402958044 42.647728386761344 7.400327934599669 0.5582988969037609 0.5526379240425419 0.0006584983821889696 0.00011600034738433771 
b'D1' 3 0 785 184 20.0 10477.688598839903 116.08618353520838 118.570281124498 170.44993228329287 17.607309559523237 116.16251283104086 116.12289156626505 102.00963967213056 14.703773164948954 118.28166700882775 120.09799196787148 151.57666862325772 16.507666650537896 0.4614209245273146 0.4685754849988188 0.002309596110760872 0.00024406426809818704 
b'D3' 3 2 787 449 31.0 7313.033995238048 113.72711586957483 114.94227560894228 13.058746656795007 11.90624413758659 113.38317922399682 115.0357023690357 15.790482889039668 16.65104432649756 115.58213511480777 116.72405739072406 13.536356508399741 10.187118939649247 0.4510956815900718 0.4557792092746341 0.00019670586975071287 0.0001532461751307735 
b'D5' 3 4 811 679 59.5 4917.322608690576 117.0364277320799 117.95275307643942 10.860150866468093 11.283315199695245 118.86901223474113 120.53318961645559 12.611099618776144 11.385698952368605 119.48344508191056 120.57630467978083 10.125443084061489 8.869166367962471 0.46634962073251235 0.470649770070608 0.00014791061308589158 0.00013165292299200423 
b'D7' 3 6 796 890 36.0 25079.166437072607 124.48280822235627 249.08767596937514 63.28603686355079 211.15235244032397 124.86761635190942 200.1459619659175 35.23165094204434 90.22443479331756 127.09155027608928 239.78093356384292 49.002940527366526 194.2273865327559 0.4955954782499516 0.9368664112659143 0.0007600301091792878 0.0028339406572021617 
b'D9' 3 8 776 1135 56.0 9995.851292974745 126.01618122977347 128.31399248043897 11.584039202132606 11.486410246463118 134.01338917444 136.38380245909968 16.9051446718823 13.183353125899856 131.63068722634685 133.80479626054262 11.990012034858724 10.203435993954104 0.5121937157354217 0.520878222761516 0.0001741072290467071 0.00015044609243496318 
b'D11' 3 10 798 1363 54.5 6887.813287852995 132.59835208756073 134.31027096497803 12.848701705463116 12.938860984733708 146.43079382647727 148.16129377744457 17.91316844688558 10.964238146210612 140.5682838344709 141.7324622469744 13.400105810847942 9.168007999672492 0.5462641580732397 0.551446138638812 0.00019209708434205338 0.00013658346445376366 
b'E2' 4 1 892 337 54.0 8025.717689665953 109.20390060149462 111.31681435291543 16.49089917864901 11.546275640953606 109.68546084209247 110.22218575648179 15.504017909928475 13.76257966618373 111.49079530955709 113.42041352149656 14.966240688340598 11.338075794430452 0.4348026100744691 0.4421286528482961 0.00022345937732877686 0.0001658640769826635 
b'E4' 4 3 929 565 31.0 5364.691945408552 115.75034287483962 116.27327327327328 25.32257597853028 20.235298361424487 116.72264743618103 116.63797130463797 24.123270219768123 20.009409030874938 117.83732247931691 118.52452452452452 22.635881730586572 18.913395878360845 0.46005282840296235 0.4623926005744306 0.00034035023610001655 0.0002833347554286161 
b'E6' 4 5 900 793 59.5 7941.906953728815 119.23937236469206 120.98517919698195 12.916019458151059 11.172599889293275 120.64581461256653 121.97395131590766 14.734025995354317 15.022046697351406 122.14225478675607 124.07787658313123 10.864812307241031 8.428050031655907 0.4761470546490526 0.4834077857914027 0.00016616888281005955 0.0001302739615945093 
b'E8' 4 7 921 1021 55.5 5867.1067671858455 124.82540380868582 125.64795128496233 10.186850089908189 10.892162435030087 128.1682483816228 130.8234079884405 18.051322926427993 13.5387399182807 128.39651813210986 129.42429559294044 9.383657036296833 8.8816927255054 0.5004752866249887 0.5047948958086692 0.00013887465420001367 0.00013214430281776463 
b'E10' 4 9 914 1249 47.0 8678.953853781424 127.77150350586095 129.99551828827526 18.22424388302308 14.814350306048366 139.24011133115667 141.87277721555589 21.034676474250986 10.821460741606069 134.39693839319168 136.51192713604163 16.72099260697375 11.82886598399256 0.5228950048959261 0.5314263041044088 0.00025613849946612893 0.00017987724164240842 
b'E12' 4 11 922 1438 29.5 10882.345368206046 133.24576901211353 131.54116355653127 64.73454227279146 11.938755616498439 156.35732715266542 152.26271496523967 82.69345693950108 13.19479350711962 144.83382166440722 142.9081595316502 60.12290734791392 9.017910004553311 0.5615772753784244 0.5535966130733303 0.00092333390265012 0.0001420721960375342 
b'F1' 5 0 1004 184 44.0 11952.632542207692 112.76453116198084 115.32175201712498 102.15718309432006 48.29561939050516 113.56967276079274 113.83072616499258 67.98294465145395 30.139302897680285 114.09499667127567 116.60513749382513 96.02298259716206 42.58342165489753 0.4461741054768812 0.45542110989497064 0.0014485112718753954 0.000644745782133599 
b'F3' 5 2 1004 451 59.5 7822.215669905186 111.35273380797678 113.1146142100063 12.440934497677095 10.669698398278271 111.2891408032073 113.50875774723794 17.351594941603913 14.532147320546509 112.87640837768716 114.72190784155214 12.527615827697836 10.353635738565115 0.44093406093923015 0.44820741107077877 0.00018294326015466357 0.00015140445356070966 
b'F5' 5 4 1004 679 58.0 7816.013236470266 115.82065758884092 117.36311047889996 13.499420490858217 10.238468466220208 117.71829956824975 119.57354196301564 16.786204481497652 12.383425150088327 118.0438392560611 119.61858700806069 12.884428169445343 9.591081739821725 0.4609723205501397 0.4672001980308482 0.00018807934591254908 0.00014003883935977506 
b'F7' 5 6 1031 885 40.5 25194.87446106409 123.70153198570799 250.0234087831302 53.56810445151228 185.95514945584083 121.45602271058685 135.06326175275683 24.08370791471109 158.98555105568747 126.29352454603298 240.43296575739987 43.563640218170434 184.6239161607543 0.4917409499789343 0.9210736440848347 0.0006395374615635808 0.002241112131564985 
b'F9' 5 8 1026 1135 55.0 7321.776997794639 125.92265261853115 126.73829899630216 12.993831451374461 19.118517339021707 133.9681437867989 136.45874273639726 17.114572414404375 22.58046899509383 130.91651688875118 133.1312202852615 13.293867260560756 18.782358627121525 0.510099384434034 0.517696623059155 0.0001908944243755439 0.0002778411251721051 
b'F11' 5 10 1035 1339 24.0 11433.006860089276 132.1731552643736 141.06484069312464 11.910758928435918 12.273045544772243 145.62353534080887 150.8474007825601 17.997033757297498 10.58990520605864 139.42085590693378 145.07434320849637 11.223871444148363 8.119123730167681 0.5424624812061652 0.5672100446081171 0.00016216948697879533 0.00012795697584620767 
b'G2' 6 1 1157 307 33.0 11085.47707951978 109.64122550123902 111.35741556534508 43.408879417272644 61.098392145954485 108.70768191034017 109.68252569750368 25.96501195018189 30.15735984699015 110.55868438837577 112.82995594713657 34.191769028346044 37.89971938131926 0.4322755572399719 0.4403533780196367 0.0005277618727205334 0.0006316291938351875 
b'G4' 6 3 1118 565 59.5 8193.401038771965 110.55450335245732 112.73807599029911 13.829250992367971 9.240656569452279 111.78488974908413 114.71804545046258 16.415468092842318 13.134819425941082 112.47024262113776 114.23704302524028 12.968406680611034 9.696348105307726 0.4392695454292867 0.44687526590264237 0.0001938016177900995 0.0001385882900712914 
b'G6' 6 5 1118 793 59.5 8463.94747633762 116.74555885809083 118.07904428276295 14.020902893248932 11.383853501407401 119.53660053915809 119.76089104464205 12.327460428182468 11.476285993068995 118.42261699039193 120.69801491062607 14.47820002217072 10.151686529194722 0.46331984451429015 0.47087810596654 0.00020257595471962652 0.00014670439770892119 
b'G8' 6 7 1118 1021 52.0 8375.779588566684 122.98194566170027 124.42734236888627 11.26353615012944 9.605946561039291 127.32567922874671 129.8808485562758 18.084175517321984 12.168831807942814 126.22453987730061 127.51938715380082 12.681162328456548 10.067184538974635 0.4926073755048032 0.4981670157024507 0.0001761964152626707 0.0001401251547180261 
b'G10' 6 9 1118 1249 47.5 9050.00420886822 128.3483874453028 129.52362815629849 14.494962420465791 12.074804949050641 138.59678029279888 140.72464381436026 16.007691000240442 8.918395362622551 133.8182702177084 135.26590492312033 12.35647242247156 10.396920471140952 0.5215703949215146 0.5272127301342316 0.00018702783556606614 0.0001497472814152163 
b'G12' 6 11 1156 1438 33.5 9193.453195682665 132.23728429729607 130.68645271229764 62.45735167201711 42.42767503390418 154.80089677974547 150.94973019028686 93.44421134307535 31.14175014021039 143.18352280447485 140.03976143141153 62.69579082369074 32.61812933814325 0.5556669011188877 0.5444658512788814 0.0009564597868383001 0.000505930605080448 
b'H1' 7 0 1232 184 49.5 13379.961045843205 113.26113439508242 117.21739130434783 255.57489348822463 98.27863329853567 111.88577815032131 114.69344581440623 145.89754291920966 48.96481752285885 113.75082425258452 116.86541207008436 221.20726042706198 84.99901782176217 0.4451462562113417 0.45797493682482726 0.0034033431051480613 0.0012915971695205363 
b'H3' 7 2 1232 412 46.5 17215.56109375925 105.54472495349455 114.29403095062638 44.39596672610333 64.2184831619013 106.23832048897157 110.84524686809138 28.18630725099397 37.31488713507677 107.0580919479139 114.42122328666176 39.37632237581345 56.84423638124109 0.418342729174157 0.44759359613911887 0.0005928458290258608 0.000860952588745519 
b'H5' 7 4 1232 679 59.0 9315.113283751314 110.09202913348308 112.46851223760198 14.99050960530467 12.009756527052552 113.41535634061671 116.3025941882849 19.577394024202363 13.427274414196676 111.98202981417194 114.01072508937574 14.27372240629919 9.845058682238797 0.4379754804395382 0.4464637200800202 0.00021629109946315805 0.00015088430512959005 
b'H7' 7 6 1232 907 49.0 9329.492281021268 116.52010620056419 118.26592208482914 16.662118557226332 11.418715041928163 121.1521654958792 122.84244116473873 13.773792395643358 10.804719157055631 118.70794844847613 120.0099720781811 14.929916909561035 10.278985785684938 0.4643892549800495 0.46997483323817496 0.00022151108699436096 0.0001525807032366489 
b'H9' 7 8 1232 1135 47.0 11284.001311723296 121.83856982283359 124.13069249674714 13.946321607111607 10.94316235115521 130.37065781726704 132.6272950701171 16.99010836671978 13.234807964545597 126.31397527163732 128.78776926413184 13.399037684342746 10.028400358500155 0.49276642519728014 0.5022547853398986 0.00019232834808962501 0.00014440299422207667 
b'H11' 7 10 1232 1363 59.5 10233.096983607453 128.19278357641528 130.49456570556003 22.63298034183851 12.888791990046386 140.5835349415912 143.6032515943591 22.7401533160356 16.509886130628242 133.48164788829752 136.4592652474625 22.873289383724547 13.15375700976594 0.5210580795237844 0.5321837176879195 0.0003336529883273532 0.00019388121728080597 
