b'A2' 0 1 423 338 22.5 9748.263882587311 89.48125669403784 219.92110206637446 75.73935474584209 473.18350586121676 94.95239795311198 96.9355040701315 17.99059373809887 163.87248398198093 92.3283351184101 131.2874139010645 12.731301131537135 48.018207275774195 0.36044127797495285 0.5790011762250298 0.000254360741198936 0.0007615033149216487 
b'A4' 0 3 422 557 17.5 8247.292873298584 91.37675861304974 113.66700924974306 15.663414640192515 32.76064850659481 103.17425501273956 117.65878725590956 11.809781418517854 28.40361497323944 99.42284258336103 115.63823227132579 11.16328900623806 30.47549615571087 0.3842491238267768 0.4524118799750116 0.00016342313120954897 0.000455914804218938 
b'A6' 0 5 425 779 22.5 9767.895160154876 103.38890872307509 224.61490294301817 75.3808218842069 231.2524516655956 113.35725336189456 169.96180338134002 30.032312912958766 58.67042580229288 109.20290372486016 204.2035065748278 46.635136159599355 126.76321876216717 0.42457630743455305 0.8081258882463441 0.0007468275994569691 0.0020149511541698974 
b'A8' 0 7 420 995 16.5 9312.165821378314 107.91771528613634 167.7642276422764 25.827784428840626 234.96531731867842 119.96290622606412 144.068524970964 10.471214050840983 57.534212574579705 115.17244775139513 161.52380952380952 15.232544298479187 145.42713345500798 0.4469655261119657 0.6336916563047984 0.00024049340644700316 0.0023284568929670506 
b'A10' 0 9 417 1214 22.5 9576.292811820267 112.21420921099607 182.92798998121478 40.032895801524106 182.3924350957043 126.85112459835773 173.62304320601126 30.832887882011846 117.46717095179635 121.7280733071522 183.5742016280526 35.98520141697523 149.7673494721827 0.4708852909208429 0.7165466789445899 0.0005316655187184011 0.0022907883503484106 
b'A12' 0 11 420 1448 22.5 4261.76208374658 114.66892776389385 114.54414527238572 81.86992229431785 11.738345496741895 136.26288230393908 139.2141515341265 109.11701689760783 14.90341902024342 126.75675354040224 127.38134001252348 96.99259838588388 10.677998705305699 0.4896999311637067 0.4921826738860854 0.0014372520179715036 0.0001635958749234337 
b'B1' 1 0 526 219 37.0 3096.5183825872555 81.6593810106662 83.26419060967064 13.310102152260495 12.136930721902011 94.6188144780556 94.88156972669937 13.10141905265977 11.594243366371543 90.8328379087253 91.6271899088998 11.55030478068568 9.23685940074844 0.34963312638641747 0.3532733072261841 0.00016615250061715377 0.00013581319723955797 
b'B3' 1 2 532 451 19.5 9792.78007790733 90.34299352199113 209.3488759367194 57.675286458760176 213.8208334575475 96.40345493806115 130.47876769358868 15.683570288655863 85.92148923912282 96.15694965336971 187.86594504579517 31.612030063495446 91.26013085126813 0.3723108117901099 0.7384056955804804 0.0004833938451189828 0.0015021391116688384 
b'B5' 1 4 531 669 22.5 9783.709761298616 97.29584672140902 226.24358171571697 63.811320367794494 412.2443623748191 106.81911222182553 176.90231684408266 31.544811445575963 72.99859826404314 103.67571105557539 207.48090169067 36.92268387795347 203.81256574925825 0.4021436435633399 0.820640216582563 0.00060658011717329 0.003387269346660792 
b'B7' 1 6 529 890 18.5 5583.465466910147 100.66034772854739 106.77142857142857 9.853004253734325 10.283238973008558 115.43623107122826 120.74285714285715 8.718620007178156 7.167978933508889 110.89007291082446 116.73548387096774 8.181970998609978 7.230492046974878 0.4276236639723752 0.4506158969910545 0.00011343813378279788 0.00010837643917341105 
b'B9' 1 8 527 1108 19.5 9578.383066491057 111.09807932719627 166.38051623646962 20.35508097972833 122.43056126555653 123.83941356972383 144.97918401332223 11.344026750087483 77.83054088287516 119.62768496420048 169.67110741049126 12.565779741188859 101.99257904008662 0.46321101725017766 0.655653212192454 0.00019058495044960987 0.0015355672394763169 
b'B11' 1 10 527 1324 19.0 9515.417198023872 115.10535211267606 168.07288888888888 15.750140368974407 127.01157609876543 130.4029295774648 147.2648888888889 10.431225220392776 57.5227227654321 124.78918309859155 167.98666666666668 11.172795670700257 92.59448888888888 0.4828867456282794 0.6529841125925925 0.00015850637055317928 0.0014315295947194412 
b'C2' 2 1 644 340 24.0 9798.474774806073 87.09268055048106 222.10844046953605 82.11575570589257 345.26157772437676 90.30118134210205 83.09670206819452 19.31922768736836 305.1002071225279 92.7644623066618 178.02794857462268 39.25276703216221 84.63980020752871 0.35835923970952405 0.7080412165850128 0.000620260819265876 0.001325587391719896 
b'C4' 2 3 643 557 17.0 6894.628040558855 88.96762155636044 100.03374578177728 9.887767353652324 16.149592380817413 100.3597848754253 106.36332958380203 10.680345206712309 28.49453829519904 96.73010646471299 106.533183352081 8.043171089532349 16.293893240847705 0.37389128719647224 0.4123129663203864 0.00012038249012717557 0.0002506773223255996 
b'C6' 2 5 643 778 16.5 9513.82540709148 97.96607943976365 173.23693379790942 31.006180613450784 244.39682404788206 108.52478389320494 124.49825783972125 12.690571884034258 100.86091450262437 106.11795601269286 165.71544715447155 18.683974550641985 149.94574280237575 0.4100361354161973 0.6444784459474846 0.00027926118594596495 0.00230076842000335 
b'C8' 2 7 641 1000 21.5 9397.823099220783 104.7531312185415 158.46328071379548 32.178667182477355 147.59113625133014 118.6166452066019 152.43239533287579 16.860062396303544 105.50006241612098 114.6418120098326 158.57721345229925 19.072216405254334 109.54671481579705 0.44245903064772674 0.6200390641527717 0.0003078738710631962 0.0017578511616114555 
b'C10' 2 9 639 1216 16.5 9274.43777848412 115.81781376518218 151.63530778164923 12.230841439876171 104.85654662420195 129.2622825254404 149.52497096399534 9.923657816666955 62.339968785451916 124.10307473465369 158.8513356562137 9.362392340513866 77.41111610220133 0.4812330810210067 0.614296073876705 0.00013303980430005106 0.0012187021302725767 
b'C12' 2 11 638 1436 17.0 8344.152746469108 121.9612556250686 183.140607424072 99.59514029586755 135.21420030595164 144.09120842937108 182.50843644544432 96.12328018825515 98.07445076114641 135.09823290527933 185.7019122609674 96.77610378111899 96.3554631599059 0.5213922304647904 0.7252054328503054 0.0014616977742555987 0.0015310611490700326 
b'D1' 3 0 756 227 19.5 9727.253139820044 84.78543016251847 211.0532889258951 59.633468819960775 388.32188968255014 93.82498011137629 151.9766860949209 33.45271841931123 87.88288693643447 91.69735197181498 191.84679433805164 45.850556688367234 177.93656133072565 0.35443910029883074 0.7570727044456417 0.0006941262165238219 0.0030260223421434795 
b'D3' 3 2 754 451 18.0 3075.1712418710317 85.86848249027237 87.73532338308458 8.240513039020815 7.311040815821389 94.08804891606448 95.8049751243781 11.9273224300697 9.649527486943393 91.61734296831573 94.99104477611941 7.901822623339938 8.434745674612016 0.3551915608453498 0.366697601404741 0.00011395742942894616 0.00012022574035556575 
b'D5' 3 4 757 673 21.0 9730.900334086593 95.63271926775576 235.31848064280496 68.49747654718871 578.5326095250088 99.83408643262658 77.44192841490138 25.90480961319908 237.25466275309327 99.83860502838606 148.02848794740686 12.247500498730364 69.65221984664072 0.3880177588764622 0.6332875311877856 0.00023122657303953616 0.001453617272442299 
b'D7' 3 6 752 891 18.0 6541.5430411012785 99.58588104502502 108.89154228855722 9.127782867450602 12.43699314373407 112.3976653696498 117.33532338308457 9.344363643442206 16.390045790945766 108.16008893829905 116.25074626865671 8.467756745842063 13.636628796316922 0.4182101922418772 0.450059268364062 0.00011406240637430707 0.00019892489795036614 
b'D9' 3 8 749 1107 19.0 9561.354541013381 112.28777464788732 202.792 44.88958011823052 167.2065137777778 122.69791549295775 138.63377777777777 10.433928049196588 87.5476590617284 118.61138028169015 152.95644444444446 9.648298658202739 73.46743624691358 0.4610284442087821 0.6373091597385621 0.0001925373042467653 0.0010696155752843578 
b'D11' 3 10 750 1327 19.5 9742.582372247196 117.39640868280486 194.46294754371357 21.812174851048603 143.44429739025418 133.55631321741106 185.1082431307244 17.23603214010374 73.8733791781897 127.5921127400841 196.92422980849292 17.27799666145719 105.02423389889496 0.493551154832657 0.7668599007363146 0.0002539004972095006 0.0016589477470132128 
b'E2' 4 1 872 334 17.0 7523.533058188105 81.71320381955877 96.31271091113611 11.934321323730336 40.33865733037589 89.21040500493909 97.07199100112486 11.897887565089649 47.45038534975029 88.23027110086709 100.99887514060742 8.20907597743177 36.264340691946686 0.34084730179636347 0.39105857606034544 0.00011737770402961638 0.0005581235260210089 
b'E4' 4 3 864 560 23.0 9772.282944784538 92.49036043587594 226.60946027895693 83.56950952162472 382.33140838062354 95.9583283439109 114.48574893875076 22.93300182776685 104.07029417832665 94.53897736797988 149.88477865372954 21.985278753050235 37.363315915226565 0.3694352214716566 0.6417117782613349 0.00042476198610498067 0.0007677862966686585 
b'E6' 4 5 865 783 17.5 9745.547265229461 96.94527528525535 213.22816032887977 41.630770576151114 350.73314327542516 105.24260551678299 148.20143884892087 16.162478555250388 82.21841519590083 103.60518444666002 197.9650565262076 25.91346819185735 188.33793619927138 0.40120788944712704 0.7749823892146787 0.00039629179246662813 0.002994953935388071 
b'E8' 4 7 867 998 21.0 9625.567921739044 108.80778588807786 226.64791818845873 72.84093578824252 468.1039419772367 114.50202757502028 73.87436084733382 26.581127855108 393.84981012837216 113.44734098018769 155.2081811541271 17.611611224133394 35.07207331707362 0.441323444810203 0.6451959091364815 0.0003243191273630764 0.000800549538689633 
b'E10' 4 9 863 1222 21.5 9734.62215769691 117.11881072222873 243.82910089224433 50.22011086467726 476.7552821703286 125.32904132037926 97.89910775566231 22.78146609486292 271.8106855456983 122.00971555659605 163.7529169526424 12.727401803675821 39.13730274739277 0.4753322418308304 0.690278613320414 0.00021622283602815587 0.0009135479690826224 
b'E12' 4 11 857 1435 16.5 4531.364334324419 138.4593500382974 218.18583042973287 1536.1218567172807 134.51598969946892 154.0120363278258 178.075493612079 909.1564368097099 51.83286052870484 147.9462742094321 207.68641114982577 1215.4315155527772 85.19318351968985 0.5739907618502045 0.8148336885973901 0.019207969267714575 0.001279460917737149 
b'F1' 5 0 979 231 17.5 9541.611042469516 81.17347956131606 170.81706063720452 48.65673324548345 230.10425158625117 89.27118644067797 117.5097636176773 27.746774741688306 136.56028493898467 87.69303201506591 159.24871531346352 31.270675940373057 174.64112116561338 0.3389074982460027 0.6223435697156561 0.00048444635265801285 0.0026407301144587393 
b'F3' 5 2 975 447 19.5 9762.004899098598 85.67087168996477 217.49875104079933 57.432531471091934 526.3798901969702 88.1296738265712 53.240632805995006 25.493469958390982 519.9062923555932 89.26934878963519 180.3813488759367 26.382048342830394 168.04441483332303 0.34675490918085616 0.7023605929699107 0.00040552387613721294 0.002520480820456884 
b'F5' 5 4 977 671 18.5 9700.97859122689 92.2662927650028 235.85345622119814 59.86470229679005 864.5932714646732 96.28883903533371 64.18433179723502 28.979836173193014 526.6056531249337 96.28726864834549 150.6562211981567 13.473842399505015 80.7435672874769 0.3742467627374 0.6373569035872413 0.00024189420556349218 0.001875728526512736 
b'F7' 5 6 978 893 21.5 9394.173459791025 101.56279995317804 209.94440631434455 55.77900711987826 437.747767269363 104.94697413086737 61.748112560054906 31.578716994180372 218.35041682192187 104.80826407585157 118.03363074811256 11.021647729865958 18.729822987880908 0.4083474664500004 0.5235548419395213 0.0001788887883358004 0.0004607402577327574 
b'F9' 5 8 972 1108 16.0 7740.804011310425 109.84272835885739 124.83102143757881 9.43850012638487 14.543955703197431 121.57347670250896 132.49306431273644 7.571417726811413 13.160418478839913 117.25763006408168 128.25220680958387 6.71672656543915 9.26299954361063 0.4548750431151063 0.501297924486314 0.00010228108049595779 0.00013968494327753909 
b'F11' 5 10 970 1335 23.0 9774.385955000673 118.76853071488445 238.17343844754396 59.26925755860036 263.8098220764114 131.86552508681595 160.89993935718618 17.341394404561647 59.67282595144676 127.69883846245959 222.46331109763494 39.43618473632929 169.49547017671733 0.4945159457714351 0.8680901727725656 0.000583735988379465 0.0024860965706816765 
b'G2' 6 1 1088 342 19.5 8873.907796189158 77.48698715763155 156.69109075770191 136.71238322872475 316.42664002590124 86.00181838845323 128.736885928393 75.30764528989485 293.90246124344065 85.38879418115695 149.53372189841798 94.20035630256416 316.3654323589626 0.3284465068000152 0.5864910231669687 0.001506543335559858 0.0047759886227245205 
b'G4' 6 3 1090 562 17.0 7760.097990901796 83.76171660630008 100.65579302587176 13.19237040415733 17.964761154012105 93.02776863132478 103.54330708661418 15.904727750661273 23.224502449004895 90.84831522335638 103.94488188976378 10.319873958805676 13.503148720583155 0.3509786337566528 0.4047725371093319 0.00014977375938291047 0.00020672465775518206 
b'G6' 6 5 1090 783 31.0 9628.212335288332 92.84977866628587 142.42242242242241 40.50577854589929 89.54995435876319 98.37998000856776 103.58058058058059 20.62885523307171 77.14240566893218 99.0624018277881 137.40907574240907 22.722794573933545 51.694518898834325 0.3831098697756984 0.5334720682774278 0.0003513982519281822 0.0008379898256324801 
b'G8' 6 7 1086 999 17.5 9473.447255991545 102.23141686052952 184.14080164439878 29.60646617684212 451.9524256677465 114.1237398914368 150.84583761562178 16.61645979187605 71.54869027990058 109.95203279051734 176.79033915724563 22.013762069158524 266.2417566167298 0.4259301254406715 0.692085152449469 0.00032726024095418673 0.004269875198028787 
b'G10' 6 9 1087 1217 20.0 9755.878130528768 112.88440890919475 234.07630522088354 49.63027090989207 330.3307236980048 121.96778983438035 94.13574297188755 21.30198934703544 256.1462324801212 118.27984009137636 169.28273092369477 11.783025902470353 49.37387848583088 0.4603890672220916 0.6966010495314591 0.0002194187194001682 0.0009323333286688992 
b'G12' 6 11 1080 1441 15.5 3579.785935384153 139.2127337585126 192.53671562082778 2001.5478694155493 49.49831818481608 152.38601232299212 163.12550066755674 1374.4475786395626 64.09372888818379 144.8484488163442 160.5981308411215 1617.455142713276 82.9399698039754 0.5654679125309189 0.6571266802795884 0.02558905297851676 0.0010739377819756293 
b'H1' 7 0 1199 231 23.0 9732.126082141349 73.8734283319363 186.2134627046695 83.99367905003672 265.71671384351504 83.85378996527362 140.53729533050333 47.777568859729264 75.0272627878557 81.3853430726859 172.98847786537294 60.06058747360757 164.71484601542878 0.3135962204362046 0.6802315956194485 0.0009441104624644283 0.0026090515914115623 
b'H3' 7 2 1199 451 18.0 9229.443885919814 76.80166759310728 119.94726368159203 24.108079487059854 93.51463181604414 85.11617565314063 104.83084577114428 17.245536013615123 73.20123759312888 82.8934963868816 123.1592039800995 18.40955748067066 89.36569886883989 0.3206244625227523 0.47511840015608237 0.000267763523567619 0.0013380488886124754 
b'H5' 7 4 1199 675 16.5 7951.476490789359 84.0495677864099 100.63646922183507 11.420346404722213 16.359134571933073 93.50158660684977 108.2102206736353 11.028638471846008 15.952322947818827 90.67972425867163 104.37514518002322 9.57058243846502 11.97657155267421 0.3508794991514496 0.4072830803215595 0.00014198888006766567 0.00018392746547617544 
b'H7' 7 6 1195 891 25.0 9798.143766724355 97.25238863382553 238.84337970118494 107.13421535163158 353.0573866198661 99.94689167390496 56.8902627511592 36.45604536995054 423.68862749407367 102.60429333664226 195.11952601751673 47.95149416187519 85.30359091392896 0.3971584899114131 0.7625275099756545 0.0007561598510470753 0.0013388443843599233 
b'H9' 7 8 1193 1107 18.0 9210.407390416893 101.82456920511395 135.5950248756219 17.70641136249803 34.34445286007772 114.47259588660367 127.17412935323384 11.546414106286583 28.98161926684983 109.55075041689828 136.7004975124378 10.36504529568493 29.51925348382466 0.42456392928533276 0.5324656213052386 0.0001597941925641806 0.0004423790638297425 
b'H11' 7 10 1193 1328 22.5 9785.954067812214 111.2856122813281 247.4834063869756 64.80382369687166 350.8871698617752 123.06926097822206 136.36756418284284 14.86608236471198 112.94880389772779 117.28501725574199 170.0563556668754 15.08703839967844 64.97616029429004 0.45657720655321515 0.7218848708976389 0.000269472437353593 0.0011978278935847113 
