b'A2' 0 1 418 320 19.0 5357.1663649344355 95.7463661971831 104.856 21.025360034913707 22.973041777777777 110.38535211267606 119.00177777777778 18.415785439396945 20.977774617283956 105.52484507042253 113.89333333333333 18.813213708391192 21.288177777777776 0.40704847399061034 0.44055379938997824 0.00027426235757173264 0.0003116299606796086 
b'A4' 0 3 425 539 18.5 5806.032195740136 100.6828939988783 112.59815668202765 19.39276963935266 17.921471256556732 117.80751542344363 123.33364055299539 17.845395004669577 20.49882223024486 112.29534492428492 121.1447004608295 16.865435425054155 16.61592813608274 0.4322553984142171 0.46857404897442845 0.0002510022941683963 0.00025005366929298407 
b'A6' 0 5 422 757 23.5 9728.254820778908 115.3915728296404 231.37449741527857 60.113773273876134 365.85630539071707 129.909432134641 185.07007466973005 31.141815623769396 77.2966403735169 123.96633975057513 216.16829408385985 41.10408553706985 214.15375636612814 0.48067724996379474 0.8515977673412846 0.0006366879971577368 0.0034164604406655974 
b'A8' 0 7 414 989 37.5 5304.009400786687 118.00107546155225 123.449672019905 19.580568838005142 30.067417331922382 135.8551711776304 140.86134358742365 21.16095685813324 27.01289382924467 129.237139272271 134.55394707079847 17.883359875028756 29.303411812624873 0.49932014044262624 0.5201923604365972 0.00026664168298380013 0.00042984195556117845 
b'A10' 0 9 415 1195 23.0 9099.426151237674 127.70458627709256 168.4924196482717 42.19257745726108 67.83878426052358 143.17003951622561 169.3717404487568 26.09705950029453 36.72839484833963 136.88803736079512 169.81564584596725 28.951540525966163 51.42871821538755 0.5309391621996661 0.6647155086267376 0.00045446800090581056 0.0008030685612782329 
b'A12' 0 11 417 1416 18.0 3474.4583749005537 125.31461923290718 132.163184079602 24.2572126260003 16.912674438751523 148.40022234574764 153.61393034825872 38.25827677101817 15.608164154352613 137.82056698165647 143.40597014925373 23.42216732722552 16.231208138412413 0.5330425342619537 0.5558936158423569 0.000354938761614063 0.00024433007923373206 
b'B1' 1 0 525 200 30.0 4326.334713595101 96.79974968710889 99.46351014595942 62.945576352306595 31.815774222129175 109.96759838687248 112.27162691349234 43.631685499115754 22.871395039161747 105.3394520928939 107.11320754716981 50.035377199450146 28.55749377002492 0.4072880575665115 0.415135564257743 0.0007839439988426737 0.00043266110592894713 
b'B3' 1 2 531 428 18.0 6688.924569726796 97.74841578654808 111.65870646766169 22.38350916341949 24.857648078017867 112.12106725958866 120.78706467661692 16.800351056621228 20.85814113512042 107.05247359644247 118.89850746268657 16.41392245274921 20.2404455335264 0.41349336045079516 0.4607694695151693 0.0002450873314082518 0.00028936584819114035 
b'B5' 1 4 528 649 18.5 9457.144191656429 104.11037577117219 167.55852534562212 29.497407766816217 190.84933976087834 120.6907459338194 165.64055299539172 21.046369774485708 118.21918494765231 115.77689287717331 170.86543778801843 22.261720687907758 148.9975612138716 0.44569430116679315 0.6658274694135718 0.0003363328373267127 0.00233843729030339 
b'B7' 1 6 526 869 18.5 3272.521179449732 110.05507571508693 116.47557603686636 19.693545465383323 21.842030198135447 130.23959618620302 134.35115207373272 20.365925131381978 21.494203741850534 122.01570386988222 126.15391705069125 17.550174027842566 17.267553781137842 0.4708510314627253 0.4889736871780971 0.0002642172932073935 0.00027024892355483873 
b'B9' 1 8 524 1089 20.5 5135.65857992911 119.82099689190744 127.04874333587205 18.909249472420402 18.162132845776227 138.10671117762175 143.4843869002285 15.944984314302367 14.726526985113999 130.84632209048002 137.86214775323685 15.769292044525246 14.752512371162126 0.5059879001528089 0.5332143637531174 0.00023808869535613735 0.00022233857492561854 
b'B11' 1 10 527 1306 18.0 7749.967745983845 128.05936631461924 146.32636815920398 18.142112105391146 35.356170391822 144.58276820455808 158.3363184079602 18.06371640597071 27.974452117521846 136.97732073374095 152.56119402985075 13.788034844878617 30.098991609118585 0.5318847379698961 0.5947163921568627 0.00021278426941376575 0.0004567925694258127 
b'C2' 2 1 642 317 17.5 9020.082938871132 92.6923673424172 131.79033915724563 27.319453208141415 76.11842670922725 104.19098260773235 124.67317574511819 19.830591113799645 53.63419310066555 101.20948266312175 135.50565262076054 19.599077022713722 64.71039970255481 0.3906453404057978 0.5252357918707051 0.0002969321081890643 0.0009910838350590035 
b'C4' 2 3 640 538 17.5 4847.275915488896 98.79140356707654 106.59815005138746 18.011544579240628 19.107786916847378 112.50404342527972 118.91880781089414 16.801883506699603 18.785802484132205 107.7131937520771 115.0513874614594 16.416357441467554 17.524594683378243 0.41632444548706826 0.4452310412510328 0.0002360664469564342 0.0002658793145695115 
b'C6' 2 5 634 769 33.0 2581.490056716972 105.29476876421532 107.25638766519823 17.029411603088008 17.8846324723295 121.88066717210008 123.16945668135095 16.021089471484874 15.71313465340984 116.29340409401061 118.03083700440529 14.038705546336534 14.5320887267364 0.44846680687984064 0.4553402392099277 0.00020847612082311397 0.00021810195421578208 
b'C8' 2 7 632 989 34.5 4567.510514520146 110.79520383693045 114.46568758344459 21.544149658690312 27.54601891975237 129.42525979216626 133.05687583444592 22.065357146736645 22.45043670153885 122.35203836930455 125.75834445927904 20.380625341453452 23.287664014859153 0.47218113841475834 0.48582305484436766 0.0003044276657973113 0.0003572179234854668 
b'C10' 2 9 636 1197 17.0 6977.771111695094 123.39479749753046 139.46456692913387 19.39906853269487 24.997900852944568 140.3653825046647 149.5365579302587 19.531406172974563 19.902206824821814 133.9407309845242 147.5894263217098 16.4860053486602 18.54796468776611 0.5182860293848633 0.5725618897637794 0.00024784249264363554 0.0002884491590540526 
b'C12' 2 11 637 1417 17.5 8953.717289052682 127.11731472249917 176.95375128468655 34.43876855088882 135.48090319405026 149.16151545363908 182.415210688592 37.090562808086204 86.55113554142739 139.78519995568848 180.0945529290853 31.45768280869392 99.23052531400222 0.540271790945247 0.7042919686435726 0.00047554524059453205 0.0015953686544661026 
b'D1' 3 0 752 210 22.0 9723.064784843422 97.85271591846353 221.8314606741573 92.44160420620707 289.68540811097824 107.25238600212089 163.29940515532056 40.027263954690355 45.045188013641635 105.03900082479086 201.5380039656312 59.82774722834855 128.07142417182828 0.40655490334698746 0.7964445511449789 0.0009430035120856377 0.002164234654833853 
b'D3' 3 2 753 439 33.0 1900.2044498554883 93.66489764973464 95.32187958883993 23.893165095665438 21.108728332050347 106.07081122062168 107.53362701908958 21.46807144199692 17.80951533225088 101.57300985595148 102.66284875183554 21.235116869501045 15.945653558621792 0.39300716662950247 0.397859121246149 0.00031453685531763136 0.00024059549341966778 
b'D5' 3 4 750 650 18.5 5776.7668969529095 101.21761076836792 110.60921658986175 16.933015716137547 17.784615515300814 114.88053841839596 122.2331797235023 14.82016527376239 17.91889910594831 109.8720134604599 118.70414746543779 16.18451680968982 16.012932107286197 0.42507477465826493 0.4597585014909189 0.00023090553597465832 0.00024398829858056177 
b'D7' 3 6 748 871 19.5 3993.078314146989 106.61609273781112 111.67194004995837 19.6435005419168 19.775807143783183 122.09376065461984 127.38134887593672 15.959046193878697 17.01194189410573 116.72894647118991 121.90507910074938 14.793787627433565 16.61546962321851 0.45085007119793025 0.4710799062872443 0.0002249302942771705 0.00025038384038092253 
b'D9' 3 8 747 1091 18.5 6161.640915964058 117.6823331463825 130.00184331797234 18.035935779086397 28.591701671303277 134.44901850813235 142.90322580645162 18.113244970493117 22.323353649472278 128.07134043746495 138.236866359447 18.03955440064748 22.584447323154023 0.495386301870608 0.5365622293304418 0.0002569071511151321 0.00035881187494695577 
b'D11' 3 10 748 1309 18.5 3781.1484002659727 125.2217610768368 131.47926267281105 17.70931894011146 16.51869438722419 142.34514862591138 147.1520737327189 20.81626221851606 14.44968463972478 134.67324733595063 139.3963133640553 15.254870385824365 14.488097007793753 0.5224233356427259 0.542247570253908 0.00022944897945441765 0.00021492010312001698 
b'E2' 4 1 864 319 19.5 4609.83279060561 88.25605182407092 96.64029975020816 20.70122914426278 20.811498328134828 98.57915672235481 103.25811823480433 20.738790469698817 21.01580628410546 95.19968178202069 101.82431307243964 18.458706569949957 21.313846842868248 0.3685012570947233 0.39539642193596836 0.0002799971008466557 0.0003072556165551539 
b'E4' 4 3 861 539 17.5 8160.7200661808465 97.39980059820539 122.37923946557041 19.643970271527277 104.23541689332428 108.69934640522875 129.70606372045222 20.103248714278372 75.31339591371977 104.48366013071896 128.17471736896198 19.26335879797065 87.00750056246297 0.40502859200177244 0.4982493662213087 0.0002791075506005756 0.0013451111986407123 
b'E6' 4 5 860 769 32.5 2941.1625875804284 100.80484522207267 102.49260488982794 21.285228505279626 18.19802862052544 114.67414386122327 115.64563839420465 18.936886417467548 17.51463310437557 109.01001944070585 110.90190159975853 17.75360082211346 17.385185034688053 0.4222541305488847 0.42924293910501116 0.0002685173492383356 0.00025362008312724497 
b'E8' 4 7 863 978 17.5 6406.608476351558 110.35914478785864 123.59917780061664 19.564157815194672 25.590626251017973 124.6637864185222 134.05447070914695 19.414932068263536 24.532490290252014 118.96820649163621 130.38437821171635 16.663107927672492 24.043414746986727 0.46097816546004683 0.5066946540918525 0.00025267953985777275 0.00036568557919185624 
b'E10' 4 9 860 1203 18.0 7175.644213912252 120.19610894941634 135.48855721393033 18.660151619036082 30.62598846563204 136.05047248471374 148.32835820895522 18.872605390988316 26.574767951288337 129.45414118954974 144.0776119402985 17.98886417350631 29.349200267320114 0.5018133522545204 0.5590545749682958 0.0002613106036956676 0.00043790929237843824 
b'E12' 4 11 856 1415 16.5 6739.014967329112 127.02341612867929 148.96747967479675 41.70401454737527 26.64934893251371 147.50530692635957 163.01974448315912 55.36015894671972 18.421212942841226 138.0657621183937 158.30778164924507 40.591254728837434 21.053934800174282 0.534901391279348 0.6143635294117646 0.0006238546286050628 0.0003140915499842154 
b'F1' 5 0 974 210 20.0 9120.000783770509 93.30953740719589 160.10361445783133 97.60058864951445 196.84629215657813 99.18994860079954 136.06907630522088 58.41154945481101 97.09563007048274 98.1384351798972 157.30843373493977 62.43429086944199 149.75065176368122 0.38112983733664796 0.6132198116387118 0.001027750148755604 0.0023127503215413002 
b'F3' 5 2 959 439 39.0 2879.7145177948164 90.59255014326648 93.0321091290661 20.111921576998547 18.78197005314856 101.31957975167144 103.52822665267576 19.88965483771799 16.723494966466976 97.32531041069723 99.23064008394543 17.218146393616546 15.355199695224337 0.37718661048373503 0.3851894441083884 0.000253372329334579 0.00023504218176854553 
b'F5' 5 4 974 652 16.5 8278.768759807643 95.16522595469964 123.31010452961672 21.733286881322197 60.38118709708749 107.86584965532334 124.24506387921022 17.495954883184854 50.32670327698797 103.3311084363716 125.79442508710801 16.242265660525174 55.84275637679224 0.3996973068662852 0.49080312951196736 0.00024852463786401396 0.0008441945828766235 
b'F7' 5 6 971 876 18.0 6297.688664190459 102.67092829349639 118.41890547263682 25.16997751514723 26.41655800598995 115.09360755975543 120.60995024875622 21.707079759275818 26.249851241305908 109.34230127848805 120.27661691542289 17.701284531799363 25.173234325883016 0.42486001451786937 0.470219163008487 0.0002727191821745675 0.00037467329176139554 
b'F9' 5 8 971 1090 16.5 6949.321432871566 112.2873399715505 128.4959349593496 24.409393285338485 19.08854328961408 127.03917277601488 140.869918699187 18.712329154851375 17.239757136247317 120.88860925703031 135.50290360046458 18.814816087499377 17.945694240416767 0.4686442947591555 0.5270622923641002 0.0002892025419299851 0.00026959215272718835 
b'F11' 5 10 967 1313 19.0 9728.000858484906 124.65690140845071 244.15911111111112 77.924987581829 171.9417947654321 137.9794929577465 179.848 24.783354109105336 68.16622933333333 131.81532394366198 232.70222222222222 47.55226095139853 136.1308839506173 0.5127003754542945 0.9071608693681917 0.0007419391231047283 0.0019772319013435288 
b'G2' 6 1 1068 329 39.5 3518.6006190493495 80.5658488714426 83.37084607543324 22.480011325540925 17.863492556327614 92.07163886162905 94.55147808358818 18.3785773926409 18.07854266746055 87.51069676153091 90.00509683995922 21.78629382266861 17.412206438124567 0.33868141376589894 0.3487180887849533 0.0003143508526115291 0.0002527529821999338 
b'G4' 6 3 1086 542 17.0 6273.423968110734 92.95258478761936 107.6490438695163 30.45829399936906 17.780091886714384 101.93480408297663 107.59617547806525 22.735295096618167 19.379107982705758 97.19734387004719 110.98762654668167 22.73462580635003 18.1157074150883 0.37896824880934704 0.4315045259048501 0.0003518523023413896 0.0002689423867014463 
b'G6' 6 5 1086 765 23.0 4018.8522697750864 93.24176745299964 97.8023044269254 19.27037139413169 24.55521603588701 106.3927673332535 111.12553062462098 17.185453615965574 23.408741759068196 101.51706382469165 106.39296543359612 15.459384313852405 23.575111218332154 0.39258863360264473 0.41140654086255485 0.00023304175152472767 0.0003550430725288798 
b'G8' 6 7 1084 981 16.5 5939.134384538506 101.64810154283839 113.63066202090593 18.586529659893667 29.25964056056688 116.28197833460992 126.72009291521486 18.189554856298308 21.739305914711714 111.04147062041798 122.0267131242741 18.96961184318433 21.315198139537397 0.42911066783382573 0.4728664507754322 0.00027148875476882514 0.0003290603685542283 
b'G10' 6 9 1081 1202 18.0 4692.919121036505 114.24647026125625 122.6139303482587 20.631525895585867 28.700701467785454 128.20400222345748 136.1960199004975 23.593847239572597 25.20834236776317 121.47259588660367 128.89751243781095 17.95019398399642 26.804421672730868 0.4722446219141353 0.502307739732709 0.0002761896265633772 0.00040640573576915473 
b'G12' 6 11 1076 1421 15.5 3714.8868026868345 141.4574640579397 151.8584779706275 1494.171442234007 60.35380329090322 152.5012431088531 159.85180240320426 820.5064031676844 26.90594134413307 147.50924224408172 153.62616822429908 1163.180192388729 31.531811886253323 0.5748359319289277 0.6027427539987957 0.018302357660938802 0.0005267585273365884 
b'H1' 7 0 1196 212 21.0 9544.64813754249 86.6363109720774 198.02337472607744 133.53740935480837 188.22735720143575 91.48696558915537 150.83710737764792 69.48027848786698 56.28391157429912 90.24562623102769 185.3644996347699 100.8454724122606 126.14690626899186 0.3512476364949873 0.7277062180781736 0.0015855662233414671 0.0019531613266332805 
b'H3' 7 2 1177 439 39.5 3382.1177795033013 83.69106967615309 86.97981651376146 25.793865293476937 23.14964359528285 92.27497546614327 94.19959225280326 21.823701545031064 20.224994736902264 87.53640824337586 90.40081549439347 21.049459523229395 17.47726742875075 0.34141539017491196 0.3527362549619236 0.0003209887361576051 0.0002723371197287345 
b'H5' 7 4 1195 656 17.0 5518.593683392133 88.65415431895511 105.39932508436445 51.64188785633054 21.612193020304407 99.64581275381407 110.64229471316085 35.261556114208986 21.028402383335383 94.54779936340687 108.98650168728909 41.25089818650382 22.188794173506718 0.36730575120356557 0.42487689935816847 0.0006418507600287638 0.0003177483377804853 
b'H7' 7 6 1191 872 17.0 9233.425707625132 95.42618812424541 148.73228346456693 30.561092252612774 128.63698927397854 106.34123586873011 126.93700787401575 19.174195772595553 121.51009273447119 102.18088025463724 148.90551181102362 22.299188820146835 109.0079448730326 0.3962567443792356 0.5775873398178168 0.00033830462729903286 0.001713612352821046 
b'H9' 7 8 1177 1099 39.0 3418.088306014077 103.25214899713467 105.21951731374607 17.618178285345223 20.98518045956382 116.56179560649474 118.57733473242392 18.39823478916885 16.44422920274959 110.78319006685768 113.39517313746065 17.22386260284307 16.876157184084278 0.4298018874468603 0.4393391377486987 0.000252753152003558 0.0002538124932554648 
b'H11' 7 10 1188 1308 17.5 7759.154133525585 117.1697130829733 139.83144912641316 22.14999441197351 64.37035730393809 131.3829622244378 150.41623843782116 20.67587233744528 45.39200763893363 124.39282153539382 143.99486125385405 21.28049793236884 54.25793864981426 0.483772157384057 0.5630318332224976 0.00031414956186296897 0.0008339454609775432 
